WARNING: FOLDS 5-10 (INC.) ONLY HAVE 35 TRUE PREDICTIONS - IGNORE PREDICTION 36 
26.604427497317758, 3.3466574765464063, 0.7858289325664117
7.238136100374869, 1.97988242965253, 0.8544964674142512
15.636073460651536, 2.8521217915231514, 0.7855597661367406
19.12274613036406, 2.967976264139915, 0.8059731626034774
12.12182987623701, 2.4593531204939763, 0.8346796964453947
12.517119464869575, 2.6632733203596506, 0.8409101144932082
8.661174157134276, 2.318921233925704, 0.8797482343799927
49.924418550040095, 3.9639191200948787, 0.6515208219772761
9.785129750744309, 2.40151626006467, 0.8699619637620325
7.170888292920828, 2.197389484989178, 0.9069296576890581
WARNING: FOLDS 5-10 (INC.) ONLY HAVE 35 TRUE PREDICTIONS - IGNORE PREDICTION 36 
12.5691668244646, 2.4543828001587937, 0.8470949491454529
44.07412437245251, 3.8233668452289695, 0.6207687484944899
22.078901721693608, 3.2334488904626073, 0.8183332877404708
14.406161738792918, 2.6956256080624814, 0.854098082093839
14.059089578885324, 3.031784265666202, 0.7923489278256286
10.996900973773496, 2.333663756014099, 0.8142329306367128
8.876737470115978, 2.150539451591009, 0.8415575987504695
13.937013151829117, 2.6889381694859296, 0.7950790043506278
16.767633931319548, 3.113008972623618, 0.8351649328315303
6.137159303585838, 1.9768220215258065, 0.8975904234512582
WARNING: FOLDS 5-10 (INC.) ONLY HAVE 35 TRUE PREDICTIONS - IGNORE PREDICTION 36 
32.78365213065245, 3.3112899772963695, 0.6548298374625507
19.482663702651077, 3.2753654768659954, 0.8484742262567417
16.898332888684074, 2.736420421994482, 0.842949987836039
9.45471514393135, 2.2274580534541215, 0.7792856004568178
13.157143709259392, 2.624972144718232, 0.8089121784040749
15.519135300580274, 2.9649675019253836, 0.7028335127309322
26.714072722017633, 3.3214247880564445, 0.7568421047137148
8.611950765541568, 2.1434653363160763, 0.8786660528708774
12.103450126189536, 2.2185104067626815, 0.8537141774210106
11.05718769909837, 2.567321336859679, 0.8740264883563977
WARNING: FOLDS 5-10 (INC.) ONLY HAVE 35 TRUE PREDICTIONS - IGNORE PREDICTION 36 
12.877661284635467, 2.7596678632492275, 0.8940620617188044
11.478849873080202, 2.73930730612146, 0.810189163635288
15.437558456950562, 2.9827210881156896, 0.8771244380111325
8.123389454157692, 1.9752794343171507, 0.7903920240679183
13.850438019141926, 2.5390416024931604, 0.806473930814628
19.73190066967746, 2.983105487830325, 0.8135907290358797
16.7169768112834, 3.038303865611144, 0.8288099917589384
10.20443857815835, 2.5067351002143488, 0.8111635414835927
46.24926218681527, 3.81787614524526, 0.5813084603120188
8.803472772527057, 1.9817990390809934, 0.8773980748137693
WARNING: FOLDS 5-10 (INC.) ONLY HAVE 35 TRUE PREDICTIONS - IGNORE PREDICTION 36 
10.139739788710843, 2.0681891832218655, 0.8756005601654236
10.779689281660659, 2.439279894989594, 0.8532713252493649
12.520624149910919, 2.7439186243848415, 0.8860165544752294
33.257933822459364, 3.13835538083455, 0.6013590971149976
9.43044361963957, 2.420452990417831, 0.8054339438060197
30.200930169282447, 3.5810972056433776, 0.7761106195679465
7.415584753051069, 2.2595206688373657, 0.8609320866975383
12.59181146759265, 2.3706426870434427, 0.8661477117174226
15.600884378563956, 2.855952023037304, 0.8113121075890407
13.880627775492885, 2.9102606423456057, 0.8507977215985009
WARNING: FOLDS 5-10 (INC.) ONLY HAVE 35 TRUE PREDICTIONS - IGNORE PREDICTION 36 
37.18618906013144, 3.2771145147783365, 0.6842743907078186
8.304516354554123, 2.0400907340602314, 0.8675083165984554
7.009167524143182, 2.049351559031934, 0.9212762674887046
16.916054123959483, 2.6401483848594824, 0.798703367831392
18.925307658479692, 3.089504351777832, 0.7800947528778989
18.5287141346114, 2.936290441996725, 0.7871361266538595
16.54559542076705, 2.8961092061185, 0.8070181551871425
11.33508001939553, 2.4904430130567574, 0.8504283729406242
7.024985573573568, 2.259491725411085, 0.8853862334191006
18.378491622707315, 3.3304584739754235, 0.8215349449565724
WARNING: FOLDS 5-10 (INC.) ONLY HAVE 35 TRUE PREDICTIONS - IGNORE PREDICTION 36 
10.745903644714383, 2.517083195106432, 0.7230888216518874
37.654162593969744, 3.995329247590157, 0.7162370223870463
15.04920993956111, 2.8589008073003037, 0.8463715569735291
10.149849275261102, 2.207644346135134, 0.8855208428130209
15.2491305258864, 2.891396368120372, 0.8331119656266688
35.74861190693605, 3.203870394233346, 0.49722182322558084
21.505045386231316, 2.977063053742727, 0.8146208879549449
11.908882473774746, 2.579300914195395, 0.7897259412664305
12.28838318140865, 2.396147161136273, 0.8626385644182342
7.354339224271936, 1.9513917880300076, 0.8593684010677696
WARNING: FOLDS 5-10 (INC.) ONLY HAVE 35 TRUE PREDICTIONS - IGNORE PREDICTION 36 
5.517874888493652, 1.9364070557770643, 0.8906155511758094
10.858146211465225, 2.542254853319248, 0.8699659136528725
13.787786386886104, 2.6660864584715083, 0.7898281165785483
8.235100458629688, 2.2108216101644516, 0.8301817171320311
21.957234317728496, 3.350854862242697, 0.8416113638730354
25.509003175784095, 3.1480822164801827, 0.774999010738665
10.765752297865582, 2.227577435074794, 0.8763302648735556
43.75517705817567, 3.6778910648484335, 0.5666860049175784
9.331562447133823, 2.492521034347084, 0.9038231252825787
14.596960213323076, 2.88011394901425, 0.7800287189491639
WARNING: FOLDS 5-10 (INC.) ONLY HAVE 35 TRUE PREDICTIONS - IGNORE PREDICTION 36 
15.654211929150218, 2.9342434803269635, 0.7676232003623733
12.66865464028622, 2.6360738708889064, 0.839708799111635
16.456000475856357, 2.9598080630341914, 0.7540280688026719
13.83118733512421, 2.7133945015639163, 0.8510639777611448
6.496586631747674, 1.910532423543359, 0.9104930331334495
10.947943847354537, 2.64107727137899, 0.8684823986273872
39.840509222788775, 3.5046343562066617, 0.6878513016012462
9.794158481518004, 2.2618917736694364, 0.8633663233144682
14.27286596353278, 2.672056972392763, 0.8213557713023459
19.633907151439143, 2.7641040002960082, 0.8246116854643735
WARNING: FOLDS 5-10 (INC.) ONLY HAVE 35 TRUE PREDICTIONS - IGNORE PREDICTION 36 
13.397074006572934, 2.7466958845224037, 0.819167454608907
8.82238519822004, 1.914951896711241, 0.8812858343868186
11.320715642830766, 2.630400104502085, 0.833017359884249
33.62470299064027, 3.6774609287877027, 0.7327604002345447
13.379599666082514, 2.614544143427281, 0.8503610907022061
10.11277954606592, 2.5049282242089936, 0.8527616479562823
14.466811623617078, 2.886948954778831, 0.8803174563884181
8.386680649364504, 2.080458579725237, 0.7898679486710688
32.884982502535856, 3.106478281038536, 0.46612500618762187
12.918694003715538, 2.6303643733920556, 0.8795869540952828
WARNING: FOLDS 5-10 (INC.) ONLY HAVE 35 TRUE PREDICTIONS - IGNORE PREDICTION 36 
29.634566113462466, 4.574536399076376, 0.5076604668748845
58.65526552687467, 5.2985598978881825, 0.37422573558261185
66.42949803438313, 5.645357804872667, 0.30676011482065557
78.93500535828498, 6.560173161235157, 0.36030628989598457
105.01329587344333, 6.729642557040954, -0.03210143059001269
35.42603448431055, 4.157025723137794, 0.42069582559719443
27.179662912841245, 4.586908023318704, 0.4082003352918834
46.411817535565476, 4.508113164810446, 0.3538672237358589
74.7206015115278, 6.5041813224477245, 0.36080419606878356
76.87509544292828, 5.637439715595381, 0.12098513371918995
WARNING: FOLDS 5-10 (INC.) ONLY HAVE 35 TRUE PREDICTIONS - IGNORE PREDICTION 36 
73.36416202178633, 6.2474595809674565, 0.2595293665107503
33.00234496275482, 4.8093325818218755, 0.35831124176690354
67.35737417811693, 6.039527274678364, 0.38447948412119604
99.49858056485586, 6.689337225158451, 0.13869693650308612
42.051108783699235, 4.756944290338408, 0.45303485767912954
49.556182097053515, 4.899116504513904, 0.3227887947064493
68.82965988842732, 5.48228573398569, 0.3288089649029241
57.40093195216733, 4.7053012524336, 0.1751245869366328
61.9426436328092, 5.099130381685043, 0.14159365869710394
38.31068060289228, 4.681062375966479, 0.5077067250584855
WARNING: FOLDS 5-10 (INC.) ONLY HAVE 35 TRUE PREDICTIONS - IGNORE PREDICTION 36 
46.85389430530151, 5.574828327735235, 0.360404901034865
101.25684817309215, 7.299944284550051, 0.18450997358923493
32.59600207247323, 4.41399668977964, 0.4605038744014115
38.41355423416361, 4.13047695866407, 0.342986713796694
104.77268017122513, 6.351807617909544, 0.20947874318229642
28.959735983559195, 4.219615984179472, 0.5528687872966488
30.03584728461372, 4.595615940639448, 0.38283740939960265
81.62966070501226, 5.886563289187057, 0.22880858463418785
35.048816368341264, 4.996619621013693, 0.4162933421210172
99.49649617304878, 6.651702998040786, 0.2179035579319114
WARNING: FOLDS 5-10 (INC.) ONLY HAVE 35 TRUE PREDICTIONS - IGNORE PREDICTION 36 
89.62703283143911, 7.066647387004792, 0.299253851744791
35.65038094459068, 4.296761294218284, 0.3878592033951611
58.73710386827526, 5.134785827781289, 0.33486962659081354
101.6079000461389, 6.720331807288247, 0.092448163024061
31.25363528279302, 4.318722888084528, 0.48272601125752546
42.29593075407809, 4.582570014331433, 0.4429081687810006
47.12965749630845, 4.829063975198542, 0.1556460841136299
54.58989282513921, 5.44687328071188, 0.3530354990255228
76.44297217196686, 5.6527455920898815, 0.23007863343749346
62.99290169971339, 6.18348025250495, 0.4020512354184492
WARNING: FOLDS 5-10 (INC.) ONLY HAVE 35 TRUE PREDICTIONS - IGNORE PREDICTION 36 
39.342170677807374, 4.577242576720097, 0.515892891830046
84.51896742965629, 5.960351691817366, 0.19738525992527012
62.043196545308405, 5.458979860149525, 0.19169532590222893
55.355967114232236, 5.938751872710516, 0.2712238064221424
62.75977098255392, 5.204864043164718, 0.35904553157180974
28.492207428517677, 3.8401111241470103, 0.3232837368805873
79.75602632308758, 5.902298482606594, 0.34109417667682307
66.87649095559543, 5.42374317216296, 0.23355179905477774
57.57606761951301, 5.652026203827238, 0.37325502725018256
55.68361503258869, 5.103393422384417, 0.3182652590817492
WARNING: FOLDS 5-10 (INC.) ONLY HAVE 35 TRUE PREDICTIONS - IGNORE PREDICTION 36 
52.653830757953614, 5.792646830533891, 0.3843183534809941
80.00129562403356, 5.835612554898954, 0.1747409296896908
87.10272711533099, 6.146096046963763, 0.30709166094096607
58.34851175457291, 5.253460374795366, 0.29244566690863383
72.71678073512305, 5.227603594989826, -0.1217918282775503
58.682673752084426, 5.696041226045223, 0.4327619152106479
49.10314264108791, 5.329100801280094, 0.4213877442830477
48.35640549081406, 4.309427253297245, -0.012466093533846756
33.34657477542877, 4.57241439122153, 0.4141991907987651
58.27168151755624, 5.4097793556596585, 0.4309640175913809
WARNING: FOLDS 5-10 (INC.) ONLY HAVE 35 TRUE PREDICTIONS - IGNORE PREDICTION 36 
69.44731678004258, 5.380653959360952, 0.25947119752595293
20.175232757645425, 3.831750917952046, 0.5099681162115555
77.62928827327987, 5.738838904345624, 0.23065420296088168
41.21855623530677, 5.692835004502954, 0.383578554729202
27.611654413289642, 4.500928636146412, 0.5424477350336315
84.87706343111881, 5.574238606590658, 0.297135251469717
84.63653069469714, 6.636437274492079, 0.2467359197036283
56.395404427041875, 4.986345718699176, 0.36194300609711993
58.03870390944033, 4.90675445615051, 0.32870897739428395
50.25848559054991, 5.364957305727127, 0.38948471319663813
WARNING: FOLDS 5-10 (INC.) ONLY HAVE 35 TRUE PREDICTIONS - IGNORE PREDICTION 36 
96.14075172122539, 6.95002020303678, 0.13012938386539752
52.913404287588456, 5.128433749282624, 0.30577235606300024
76.6459778869567, 5.863476281588779, 0.3264715098623642
41.31089908648225, 4.9871876639235815, 0.40606457279243025
22.921108235110136, 4.007302924059731, 0.5607881375199922
59.37533010982842, 5.632107517044026, 0.4333901330161123
38.76399956566319, 4.703062860353514, 0.3483674231334114
77.9786169478558, 5.806726726807444, 0.1547339317701074
70.81322343789243, 6.062867215149922, 0.3170004754718161
49.97276696048365, 4.902737832987212, 0.2804276444902032
WARNING: FOLDS 5-10 (INC.) ONLY HAVE 35 TRUE PREDICTIONS - IGNORE PREDICTION 36 
77.05594228216299, 6.042118210360771, 0.19289849610224374
59.97494406248549, 5.128587595715946, 0.33668825032984273
79.88640678142526, 6.641666915421427, 0.3610685574896504
53.16659335962197, 4.843850310200848, 0.22332638017935202
98.80900129944774, 6.624698315214312, 0.12762117492932878
49.42945000202063, 4.9021646758703135, 0.43147326598695745
37.19105224691784, 4.351887181699686, 0.4036842124228137
64.42217045722157, 5.841708991439217, 0.3543200602266602
38.331004203929886, 4.714111910093556, 0.33165985286256583
47.054202144200964, 4.939598156879747, 0.2936510075198341
WARNING: FOLDS 5-10 (INC.) ONLY HAVE 35 TRUE PREDICTIONS - IGNORE PREDICTION 36 
89.1668873826056, 6.309228332778737, 0.18796449111684221
62.15012568780671, 5.669066611307596, 0.3981006002407588
74.0691159461255, 5.441122118104715, 0.2780020689169189
62.28785784692411, 4.900281411445672, 0.1582500732041502
60.59821155553904, 5.345086580613464, 0.36266539202678183
75.39526814009345, 6.190449004065522, 0.3658464335996182
38.56737716573277, 4.64028450786879, 0.3408891825829331
55.50849514225482, 5.844277046131788, 0.42271801428866007
41.90742345430993, 4.323103917400791, 0.393386388980575
27.546692714915636, 4.402178570394134, 0.2660341045259499
WARNING: FOLDS 5-10 (INC.) ONLY HAVE 35 TRUE PREDICTIONS - IGNORE PREDICTION 36 
[24.61250188  0.14094783 23.1       ], [25.21700832  0.12467745 23.1       ], [15.59699562  0.17269065 12.3       ][20.36584444  0.21112634 17.8       ], [25.00825787  0.09925644 24.5       ], [20.92398782  0.11568055 25.        ], [27.96328534  0.19257038 50.        ], [27.4421006   0.12558149 42.8       ], [28.91582171  0.16417137 31.5       ], [23.57974784  0.13216531 19.8       ], [28.37966683  0.11537987 34.6       ], [15.99242282  0.18364005 13.3       ], [27.24400005  0.21483283 32.5       ], [27.75530859  0.12562617 18.2       ], [14.24607272  0.12530991  8.4       ], [20.50835607  0.13762272 20.6       ], [27.87806451  0.11451104 30.3       ], [18.98882763  0.1289285  16.2       ], [17.19309153  0.15636898 13.        ], [13.98247421  0.12222922  8.3       ], [24.03513312  0.13319625 21.7       ], [27.72255116  0.15844993 28.4       ], [25.43101968  0.11224679 22.2       ], [25.44951842  0.11590676 23.        ], [15.44526689  0.14797555 12.8       ], [19.29988345  0.16614091 19.5       ], [25.4067944   0.18280733 50.        ], [26.92360645  0.15156765 21.6       ], [25.59083139  0.13855524 19.4       ], [30.86117329  0.27137452 36.5       ], [18.68808299  0.16723229 17.7       ], [25.75263007  0.16480454 22.6       ], [24.79760121  0.13999704 21.6       ], [14.10072037  0.14977309  7.2       ], [25.33346507  0.14858587 22.8       ], [16.8558546   0.14508723 14.9       ], 
[15.06374315  0.15833001  5.        ], [30.29383422  0.24373287 48.8       ], [21.52824788  0.15830695 27.1       ][22.26451611  0.14268261 17.5       ], [26.30136855  0.12470249 26.2       ], [19.73774505  0.16234069 13.8       ], [28.01374265  0.15370489 36.1       ], [14.62299819  0.14598087 14.1       ], [21.47138056  0.20708944 21.7       ], [27.40173155  0.14481214 32.7       ], [24.93284873  0.12240937 27.1       ], [14.98875112  0.15439241 11.        ], [25.51922601  0.12800872 24.8       ], [18.99555337  0.16611504  8.1       ], [23.95643869  0.09864828 24.3       ], [26.33256219  0.15723661 20.1       ], [27.32291786  0.12809922 37.3       ], [24.89054043  0.27648586 50.        ], [15.3307201   0.16605218 13.5       ], [20.63615574  0.14889735 18.3       ], [15.69568621  0.1613777  23.1       ], [21.99370926  0.23262851 13.4       ], [23.87090876  0.17484665 27.5       ], [29.35110057  0.21576844 50.        ], [20.67199208  0.13957647 14.8       ], [23.13550483  0.19087698 25.        ], [27.61012513  0.17402551 33.        ], [15.45914583  0.15231959 10.2       ], [24.90095001  0.14865599 23.3       ], [28.78700929  0.18377576 35.1       ], [24.22523074  0.12487099 18.5       ], [24.9165776   0.11656425 24.7       ], [26.06330998  0.12794211 25.        ], [20.3248749   0.17026748 20.2       ], [26.75235427  0.12393754 29.6       ], [16.77382085  0.15284342 15.4       ], 
[29.36162402  0.09491866 36.4       ], [21.5637976  0.1548407 23.8      ], [24.22304299  0.19381256 19.4       ][25.96980874  0.09681311 26.4       ], [26.34201414  0.10871703 46.7       ], [29.55986973  0.22617411 43.1       ], [25.56956667  0.1194563  20.        ], [21.68337283  0.1803844  21.5       ], [24.25342238  0.17839849 19.3       ], [17.90663194  0.17589043 13.3       ], [27.87150737  0.12569806 32.        ], [28.77445112  0.12914368 30.1       ], [16.71034816  0.17546522 15.        ], [21.83417846  0.14022452 23.        ], [24.18026252  0.11516414 20.3       ], [21.51831955  0.17152654 18.8       ], [25.70559016  0.1282838  22.2       ], [26.49273547  0.11019157 48.3       ], [22.87308266  0.16486557 22.        ], [15.01612186  0.16056526 11.9       ], [16.3249413   0.14464898 10.2       ], [28.88614928  0.09365445 32.9       ], [29.72709002  0.2239824  33.8       ], [25.52410608  0.10287297 22.3       ], [30.68450622  0.26777743 50.        ], [18.78312321  0.1554167  13.3       ], [19.09041605  0.15565263 18.1       ], [19.24625986  0.14828138 20.1       ], [25.49719849  0.12533796 22.4       ], [15.36408831  0.15581687  8.4       ], [25.30694169  0.10967222 22.6       ], [26.86290579  0.13784793 22.        ], [18.73675964  0.18917335 21.4       ], [25.04054533  0.10919082 17.5       ], [21.04540884  0.19367836 16.8       ], [14.97571054  0.1495845  13.4       ], 
[26.20439789  0.18913585 22.8       ], [27.89694244  0.16342043 29.4       ], [19.16629452  0.16975996 11.8       ][15.55407835  0.15862822 13.4       ], [26.0420924   0.11714155 22.        ], [28.00654314  0.1142372  34.9       ], [15.18075361  0.15759455  8.8       ], [26.60309931  0.12272159 23.9       ], [26.98815447  0.15447749 30.1       ], [29.07392441  0.1375878  41.7       ], [13.51341944  0.12508614  7.2       ], [29.74435334  0.15965844 50.        ], [26.60686413  0.14586115 20.5       ], [16.11929978  0.19331646 13.9       ], [18.37231809  0.13781557 23.2       ], [25.06175425  0.12504692 24.4       ], [19.09217468  0.21428262 17.8       ], [21.84379409  0.13986279 19.1       ], [18.54843202  0.16037313 13.8       ], [28.27757541  0.12813384 24.3       ], [18.77651837  0.14777658 18.        ], [20.45833682  0.12447439 19.9       ], [26.97422934  0.10637433 33.1       ], [25.28745249  0.12950701 20.3       ], [15.53752416  0.15973894 10.9       ], [29.52665879  0.15542627 35.2       ], [29.09649456  0.2210878  50.        ], [29.3962225   0.16317572 33.4       ], [23.30683249  0.1558111  14.4       ], [29.02426494  0.12354778 30.5       ], [19.60009005  0.15495094 19.2       ], [20.34261583  0.14238802 22.6       ], [27.21338219  0.16598375 33.2       ], [25.86310417  0.12974086 21.7       ], [26.11869546  0.13118002 21.1       ], [21.57244883  0.16008306 18.6       ], 
[21.88870072  0.13122079 21.2       ], [24.74644154  0.10705191 19.3       ], [24.83166848  0.10769144 18.7       ][23.32634563  0.13015951 21.7       ], [19.97943331  0.15415571 20.1       ], [21.2505289  0.13211   20.4      ], [16.02457821  0.17847996 12.7       ], [25.5100795   0.11411721 22.9       ], [18.56186938  0.14240053 17.8       ], [13.945291    0.16736213 13.1       ], [24.64924965  0.09585297 19.6       ], [24.64967047  0.1045828  23.1       ], [16.83088562  0.17226673 12.5       ], [25.75990566  0.12094811 23.3       ], [27.65020596  0.16690745 38.7       ], [21.32038417  0.12312603 20.6       ], [27.51859313  0.15344992 28.4       ], [17.98242171  0.17120504 20.8       ], [24.90910814  0.097221   21.7       ], [25.5561152   0.11572321 18.9       ], [26.82655371  0.11711933 21.9       ], [17.03411602  0.19979831 14.1       ], [27.3170589   0.15409744 43.8       ], [27.53965397  0.12946051 27.9       ], [28.56726654  0.12237406 24.8       ], [27.15967752  0.11300781 24.8       ], [27.10433962  0.12732035 24.1       ], [24.71951974  0.14810278 28.7       ], [16.21842785  0.17845078 14.5       ], [26.61494013  0.16423952 23.6       ], [25.00732843  0.15356901 18.9       ], [22.02899035  0.17977442 22.3       ], [25.35717848  0.24131113 27.        ], [27.74212585  0.1467143  23.9       ], [30.23495922  0.21305776 50.        ], [0.00000000e+000 4.66839074e-313 0.00000000e+000], 
[17.99747699  0.16159756 14.6       ], [26.63399508  0.26990316 41.3       ], [24.8137012   0.23143804 50.        ][19.15716993  0.13865531 19.9       ], [27.49845381  0.1885209  27.5       ], [25.8171426   0.11353977 22.9       ], [27.84213487  0.12867319 33.3       ], [32.25361617  0.25770836 30.7       ], [24.87392165  0.23457683 21.9       ], [18.65085004  0.1594473  14.6       ], [17.25715018  0.20736895 10.4       ], [18.08317623  0.1262673  17.4       ], [24.75774494  0.1325239  18.7       ], [22.22909999  0.15636029 20.4       ], [22.52679832  0.20365911 23.3       ], [16.61348916  0.13713439 12.1       ], [24.37361493  0.19795746 21.7       ], [15.77467367  0.13910606 11.3       ], [25.01641756  0.11232082 25.        ], [20.07818722  0.14690486 13.2       ], [27.61136349  0.15799923 20.7       ], [15.44751542  0.13123344  7.2       ], [26.44279042  0.13329098 23.4       ], [27.24454669  0.11092454 28.        ], [24.10361755  0.11883511 20.4       ], [24.32975888  0.1371819  16.2       ], [17.39510573  0.12976888 15.6       ], [26.50221746  0.09258293 23.7       ], [23.48663564  0.13645172 20.6       ], [29.49139552  0.12059356 32.        ], [24.74161745  0.09946346 23.3       ], [28.55626556  0.10437604 31.2       ], [21.96642835  0.13688819 19.6       ], [24.86838862  0.14350401 23.7       ], [21.15607633  0.14494465 19.5       ], [1.24348953e-311 1.24532267e-311 1.24348953e-311], 
[18.3665122   0.15499228 19.1       ], [21.25623873  0.17289377 25.        ], [26.54066164  0.13131714 33.4       ][26.11281253  0.11409789 24.4       ], [26.07091883  0.13735034 24.1       ], [25.40208335  0.15320858 22.1       ], [27.78292066  0.11419092 32.2       ], [22.19214412  0.13242476 21.8       ], [14.46216491  0.16680062 10.5       ], [25.37075468  0.12671456 20.5       ], [26.74447722  0.10863596 23.2       ], [16.88787795  0.17574401  8.5       ], [21.94296003  0.16248714 22.7       ], [24.31840837  0.13196183 23.8       ], [28.56147518  0.1633623  44.8       ], [15.54261368  0.18075145 13.8       ], [22.26414289  0.14130573 23.1       ], [25.53384915  0.09393491 22.2       ], [22.95901032  0.17029194 18.4       ], [26.32342812  0.11542029 26.6       ], [27.38075348  0.17272437 29.9       ], [28.51673719  0.14474252 46.        ], [26.55185236  0.12718543 36.2       ], [23.9395521   0.15432743 16.6       ], [28.65842067  0.12664632 34.9       ], [23.89127714  0.12733199 22.5       ], [20.71317047  0.13202433 21.4       ], [25.28078788  0.10996978 20.1       ], [14.611181    0.14851642  7.4       ], [21.41663505  0.13256047 19.1       ], [25.82795511  0.11933434 19.7       ], [29.65138708  0.11639179 34.9       ], [27.31647913  0.12071402 33.2       ], [25.96870294  0.13166214 22.2       ], [22.58020292  0.14671132 20.3       ], [1.24348953e-311 1.24532267e-311 1.24348953e-311], 
[21.17551543  0.22164493 50.        ], [24.82527366  0.11621758 22.9       ], [27.06640747  0.13054885 24.6       ][23.59166608  0.13479296 15.        ], [28.68711617  0.10129688 29.        ], [25.75625624  0.12542117 21.4       ], [20.3092658   0.18097887 15.6       ], [18.23425322  0.16406977  6.3       ], [25.71687269  0.18045678 23.        ], [16.09300692  0.17040544 11.7       ], [27.47853939  0.1442056  37.2       ], [25.25540178  0.16402309 16.1       ], [25.69435444  0.14114545 16.5       ], [27.32083561  0.12018414 18.6       ], [27.52222965  0.14229917 50.        ], [21.93200303  0.14919852 17.4       ], [14.64697501  0.15110678  7.5       ], [28.94096932  0.11823554 44.        ], [28.18658464  0.15740807 37.6       ], [24.65482176  0.15958511 16.        ], [15.34844734  0.15452818  9.5       ], [23.8062852   0.14603927 16.5       ], [18.7796437   0.17452512 27.9       ], [26.56689537  0.18753634 22.        ], [25.95517099  0.10758929 28.6       ], [23.91132409  0.15511271 24.5       ], [30.27770046  0.11093297 37.        ], [18.18582573  0.15504666 15.2       ], [25.63086268  0.13002449 21.        ], [14.82601851  0.15246941 11.8       ], [16.0171983   0.15157596 16.3       ], [22.00607957  0.16392442 19.6       ], [16.56992615  0.17781374 19.        ], [25.9201637   0.15391645 11.9       ], [22.94150647  0.19077495 13.6       ], [1.24532267e-311 3.60739285e-313 1.24467004e-311], 
[26.83208093  0.15431098 28.7       ], [26.35778375  0.16291907 29.6       ], [23.72522558  0.17537688 21.        ][25.39925495  0.12025339 21.        ], [14.79083767  0.15104808 13.8       ], [29.05357619  0.15326185 33.1       ], [28.13035573  0.20258857 26.7       ], [13.92730443  0.13811491  5.6       ], [28.96421523  0.13581191 31.1       ], [24.83899965  0.25924019 15.3       ], [23.09597025  0.16331459 19.3       ], [13.73429505  0.13065339  8.3       ], [27.74641413  0.15905539 28.7       ], [26.4512146   0.24782816 24.3       ], [23.83611523  0.22100042 23.8       ], [23.14990523  0.21763565 17.3       ], [29.01470135  0.14597541 42.3       ], [26.45098786  0.12397579 22.        ], [24.19952032  0.19651683 21.4       ], [18.68634144  0.15308901 14.3       ], [25.5373729   0.12270682 17.1       ], [27.16616948  0.11721962 22.        ], [25.37850871  0.13729237 21.2       ], [27.60492493  0.12183088 23.5       ], [27.00377792  0.13833004 22.        ], [16.66964846  0.16251787 15.2       ], [32.60390385  0.23404513 30.1       ], [22.77409372  0.21706673 19.5       ], [25.02885978  0.13505554 19.        ], [25.36935197  0.19023639 21.2       ], [25.76459728  0.13098426 23.9       ], [22.42526836  0.20971688 15.4       ], [21.24334148  0.20665929 50.        ], [24.2215613   0.15032458 19.8       ], [29.61176139  0.13596403 29.8       ], [1.24532267e-311 1.24348953e-311 1.24532267e-311], 
[22.85787553  0.17713042 16.6       ], [23.58477654  0.20895244 19.8       ], [20.26699668  0.14652896 23.2       ][22.18014117  0.1622902  18.5       ], [17.31700275  0.15948513 14.4       ], [18.29931189  0.16021731 16.7       ], [31.27355839  0.17951445 31.7       ], [17.93276162  0.16512425 16.7       ], [22.89277392  0.17131878 22.8       ], [25.95846946  0.23832982 23.9       ], [26.43953047  0.19370071 26.4       ], [26.07743575  0.12568797 24.7       ], [19.64857494  0.11424273 15.6       ], [21.43830653  0.14554983 20.5       ], [22.57487428  0.18525621 22.7       ], [32.66534402  0.24725826 36.        ], [18.60105503  0.14655435 18.4       ], [26.99758063  0.14089078 26.6       ], [28.37373726  0.14411933 26.6       ], [14.60286706  0.13824388 10.5       ], [26.25367361  0.11480474 28.1       ], [24.63789345  0.11805413 22.2       ], [24.69200043  0.16842499 18.2       ], [19.08688516  0.10920172 13.1       ], [29.26112756  0.16931385 25.1       ], [26.34365029  0.12241616 22.9       ], [15.60114479  0.14720135 11.5       ], [18.8781388   0.14801428 14.9       ], [20.43709793  0.1704288  13.5       ], [31.89327461  0.24185392 31.        ], [18.56941457  0.1598104  21.9       ], [24.910257    0.16143926 19.3       ], [27.89917154  0.15647163 24.        ], [19.5893954   0.13817755 20.        ], [28.24486335  0.11328212 24.5       ], [55. nan nan], 
WARNING: FOLDS 5-10 (INC.) ONLY HAVE 35 TRUE PREDICTIONS - IGNORE PREDICTION 36 
[24.88337059  0.13325511 29.6       ], [16.0954208   0.16782837 14.6       ], [21.84056461  0.13916164 16.6       ][30.37188048  0.11762213 36.4       ], [19.65896853  0.23438828 17.8       ], [26.01127995  0.12908586 22.        ], [25.6247823   0.11782264 22.9       ], [34.1162884   0.24595559 30.7       ], [24.35170652  0.2374405  24.3       ], [14.84089099  0.15158125 11.        ], [26.94731233  0.11921184 23.3       ], [30.7116384   0.14929289 42.3       ], [26.16542767  0.11621307 22.        ], [25.09732442  0.11992408 21.7       ], [13.951458    0.13677231  8.4       ], [20.37722992  0.15115554 18.8       ], [20.88590569  0.12979563 18.3       ], [21.91479406  0.13126406 22.        ], [18.186289    0.13272033 18.4       ], [28.40827662  0.15040486 50.        ], [27.58160241  0.12889986 26.6       ], [13.65462269  0.16353093 11.3       ], [17.5276835   0.17927432 23.2       ], [13.76353637  0.14574751  7.5       ], [31.97837558  0.1767993  37.6       ], [35.80346051  0.19507684 33.8       ], [13.95765293  0.18604142 10.2       ], [20.86453901  0.17189635 19.9       ], [20.03014374  0.16592825 19.5       ], [25.01263738  0.1431573  21.6       ], [16.76050745  0.18970892 14.9       ], [13.53085522  0.14755932  7.4       ], [28.48388299  0.1673033  35.2       ], [20.78613345  0.15066829 19.1       ], [29.97208909  0.12009799 34.9       ], [28.60513017  0.14998229 33.2       ], 
[21.1714203   0.11146158 21.2       ], [28.71119505  0.12228717 36.1       ], [21.35295939  0.1406685  21.8       ][23.07049974  0.11042137 19.8       ], [17.15030017  0.17721929 13.3       ], [21.53560143  0.12763154 20.5       ], [27.49403176  0.12712177 28.4       ], [25.96991659  0.16176742 16.5       ], [30.41249701  0.13316012 50.        ], [24.43897063  0.1804626  21.7       ], [27.27122768  0.12571316 28.4       ], [25.89932815  0.12527102 20.5       ], [14.50034343  0.15891643 13.9       ], [13.39294101  0.13177609 10.5       ], [29.81885217  0.13241153 46.        ], [15.56290304  0.19484758 14.1       ], [30.6619422   0.24278431 50.        ], [17.95331295  0.12961491 13.3       ], [29.79364187  0.12906161 35.1       ], [24.82130092  0.11479416 22.4       ], [25.6188284   0.12020763 24.7       ], [30.49891767  0.08065514 37.        ], [26.43557855  0.11520743 23.4       ], [13.404349   0.1209603  8.4      ], [15.34153419  0.16244217 14.5       ], [27.33474335  0.13774287 22.        ], [25.92472469  0.12264018 17.5       ], [23.67262437  0.11913065 16.2       ], [31.00843236  0.20123767 50.        ], [25.8288163  0.1528768 19.3      ], [23.90233064  0.10569751 21.        ], [29.37242367  0.10991887 32.        ], [29.95756795  0.10349699 31.2       ], [20.659055    0.16169821 22.6       ], [26.07519919  0.14683706 19.8       ], [23.2282131   0.12954165 11.9       ], 
[14.05750846  0.15427765  5.        ], [27.43879319  0.13483074 27.5       ], [25.15781533  0.24016423 21.9       ][20.60475386  0.20003334 21.5       ], [27.31027831  0.13600527 24.6       ], [14.1048711   0.14225381  8.8       ], [21.73797503  0.12263593 19.3       ], [28.34200684  0.12425838 34.6       ], [15.44293132  0.16795941 10.4       ], [27.5262266  0.2764289 50.       ], [28.15961526  0.13191054 30.3       ], [31.59963985  0.16376412 41.7       ], [21.35503117  0.13548822 20.4       ], [14.29669475  0.16221825 13.8       ], [23.80177815  0.15249807 27.5       ], [23.76786413  0.11293372 22.2       ], [23.8601505   0.12253674 22.2       ], [17.06459666  0.10752229 18.1       ], [17.60737161  0.12035899 18.        ], [27.81873073  0.15140974 33.        ], [23.755236    0.12905353 23.3       ], [27.12077582  0.14116139 25.1       ], [23.5336194   0.10552623 22.5       ], [26.69224302  0.10815661 24.8       ], [22.24916274  0.13387146 24.5       ], [25.54584962  0.11314661 22.9       ], [31.93556737  0.2610338  50.        ], [24.83521196  0.13969492 20.3       ], [29.3470979   0.14827781 28.        ], [18.08307138  0.18337872 21.9       ], [18.24113682  0.17177438 21.4       ], [27.23222482  0.13986667 23.6       ], [22.41886776  0.13926444 21.2       ], [12.86416384  0.10512705 11.8       ], [15.19569972  0.16907941 16.3       ], [20.38748308  0.14091889 19.5       ], 
[23.7783408   0.12262212 23.1       ], [24.183936    0.12289537 18.7       ], [23.19986469  0.13107151 21.7       ][20.20507925  0.19530455 11.8       ], [22.43892157  0.18420258 23.8       ], [25.63767561  0.09041254 24.5       ], [33.06309242  0.14655216 43.1       ], [31.82021185  0.13860228 31.5       ], [22.07483401  0.19923124 23.8       ], [15.07112731  0.20160381 13.3       ], [16.83645377  0.1771659  12.5       ], [26.57512721  0.11615743 24.8       ], [17.58028965  0.12313801  8.1       ], [20.20074469  0.20874414 15.6       ], [25.13631776  0.18169413 23.        ], [24.89500924  0.13129678 20.3       ], [24.21290987  0.15363497 16.1       ], [24.96080884  0.10423841 21.2       ], [13.2597748   0.12787181  8.3       ], [19.40255873  0.24670249 17.8       ], [18.73927251  0.17145524 13.1       ], [23.94214087  0.1060088  18.5       ], [20.33183701  0.13605049 21.4       ], [32.34741653  0.17221368 31.        ], [26.7980837   0.11096009 23.7       ], [24.42711072  0.15142962 18.9       ], [20.83847978  0.20109903 16.8       ], [23.12203921  0.14048577 20.6       ], [23.81577927  0.20515347 22.3       ], [15.1673823   0.15422267 15.4       ], [30.33787146  0.10912971 30.5       ], [32.23543966  0.17792539 50.        ], [26.80412653  0.16150923 22.8       ], [28.52688669  0.1413531  33.2       ], [24.87821082  0.15153648 23.7       ], [26.05738856  0.12295064 21.7       ], 
[24.18657916  0.10882906 19.3       ], [22.37549802  0.15202826 25.        ], [24.63929354  0.10266285 23.1       ][19.69402517  0.14762274 20.1       ], [25.32657122  0.1166654  21.        ], [14.81332296  0.19562736 12.3       ], [14.73000408  0.14652655 12.7       ], [30.1643176   0.16443061 31.1       ], [34.63239243  0.25075369 50.        ], [33.01878006  0.17602198 31.7       ], [25.93963066  0.12831702 24.1       ], [30.10674711  0.17022436 32.2       ], [28.04770848  0.15680361 32.        ], [26.94489824  0.13388225 18.2       ], [17.92685237  0.21101277 15.        ], [17.76037374  0.16011759 20.8       ], [21.854471    0.16142592 22.7       ], [13.95941811  0.14884325  7.2       ], [22.62484508  0.12645736 21.7       ], [21.39988924  0.13326204 18.4       ], [24.54007111  0.10081259 24.4       ], [28.18797503  0.15975177 36.2       ], [29.06136179  0.17053337 43.8       ], [29.47036246  0.16918885 27.9       ], [24.63919964  0.1017741  25.        ], [32.35299667  0.22579093 50.        ], [17.82340831  0.18662807 13.8       ], [23.10463721  0.19209325 25.        ], [18.79366132  0.14106925 20.1       ], [27.39898615  0.1557927  20.7       ], [18.41393312  0.11732051 13.5       ], [16.09454463  0.15961012 10.9       ], [29.09520978  0.17260559 33.4       ], [27.68274903  0.1729676  24.        ], [29.86132749  0.12230782 29.6       ], [2.54639495e-313 1.03753786e-322 1.24481650e-311], 
[31.5681767   0.24346054 22.8       ], [24.0331409   0.14423986 21.        ], [22.96462175  0.14293195 17.5       ][25.94565677  0.13055304 26.2       ], [21.72657935  0.15255639 19.4       ], [16.66764213  0.15651054 16.7       ], [28.6976182   0.15639222 42.8       ], [21.61585585  0.12763605 19.3       ], [26.04841389  0.13807473 26.4       ], [22.50325406  0.17870533 21.7       ], [32.18966962  0.18630568 46.7       ], [12.30634395  0.12728076 10.5       ], [17.65347038  0.16851461 16.7       ], [25.77567093  0.15026983 20.        ], [25.66828839  0.14184305 23.2       ], [24.9263649   0.12463115 27.1       ], [25.51428859  0.14448861 18.9       ], [14.71621761  0.13469152 12.1       ], [24.88536369  0.12010268 28.1       ], [23.98421796  0.13716355 16.6       ], [17.43828056  0.17164936 15.2       ], [28.47690788  0.18408944 24.3       ], [30.22823945  0.12602654 24.8       ], [23.82458565  0.14125709 18.2       ], [30.12688534  0.13934429 34.9       ], [26.05676951  0.17854147 28.7       ], [35.26763377  0.20593773 30.1       ], [14.72621439  0.15883416 11.5       ], [24.0982509   0.13306219 19.4       ], [27.99708061  0.14011936 25.        ], [25.97585331  0.15282107 20.1       ], [20.70311294  0.17765223 20.2       ], [20.36552594  0.15122676 13.6       ], [30.99302467  0.13946242 29.8       ], [21.1832669   0.19771334 18.6       ], [1.03753786e-322 1.24481650e-311 1.24488833e-311], 
[21.52079018  0.14505263 19.8       ], [32.24354132  0.3080735  41.3       ], [21.50223661  0.13030195 20.4       ][28.54540534  0.160187   29.4       ], [13.9798174   0.18095741 13.8       ], [29.70923203  0.15789464 33.1       ], [27.52404174  0.20022876 26.7       ], [14.66100349  0.13262392 13.4       ], [12.71517136  0.14862843  5.6       ], [23.14109573  0.26884895 15.3       ], [31.15775182  0.19116091 33.3       ], [24.4203637   0.13636338 22.9       ], [28.28888161  0.15662712 32.7       ], [31.59187077  0.1743002  30.1       ], [26.1209898   0.20154114 32.5       ], [14.61452366  0.13071331  6.3       ], [26.60567811  0.16214129 30.1       ], [20.90890329  0.10997503 23.        ], [35.55740561  0.22456645 36.        ], [29.44866673  0.16153428 23.5       ], [25.62822497  0.25815983 23.3       ], [22.25166971  0.15515659 17.4       ], [20.29517211  0.13924604 13.2       ], [20.12240225  0.13092638 14.8       ], [28.66449675  0.12693328 33.1       ], [16.48682547  0.13924715 15.2       ], [25.48865198  0.10793622 22.6       ], [21.32229848  0.14172082 14.4       ], [25.78006715  0.14731667 21.6       ], [18.58484908  0.11716395 20.        ], [18.81211876  0.19701821 15.4       ], [19.94988714  0.19964637 50.        ], [16.93292968  0.12018975 14.9       ], [28.14386175  0.14135646 24.5       ], [13.74499115  0.10965786 13.4       ], [1.63041663e-322 1.24481651e-311 4.94065646e-324], 
[17.75441321  0.14445852 19.1       ], [16.65502952  0.12176348 14.4       ], [18.72546995  0.17857713 13.8       ][21.66038316  0.18109295 25.        ], [20.55608875  0.08570529 15.        ], [25.9067177   0.13278797 23.9       ], [20.64171195  0.14926149 17.3       ], [25.12832781  0.10910414 24.3       ], [21.02793184  0.10853184 20.6       ], [25.58072687  0.13832521 20.1       ], [22.11520297  0.13655262 21.4       ], [24.79765137  0.12698925 22.2       ], [14.86017354  0.13934058 13.5       ], [30.22695701  0.1326695  48.3       ], [23.27774844  0.22434406 22.7       ], [27.34664464  0.14475783 18.6       ], [15.47597474  0.11728319 13.        ], [24.99224629  0.13052896 26.6       ], [27.01239456  0.17235701 22.        ], [27.69991171  0.14631362 29.9       ], [26.08497098  0.12405111 21.9       ], [30.17572377  0.14231746 44.        ], [14.9877754   0.14810826 10.2       ], [24.00699518  0.2022973  16.        ], [24.75521286  0.10683477 23.        ], [16.419785    0.16530482 27.9       ], [13.58948611  0.1204758  12.8       ], [37.74779939  0.18711777 36.5       ], [16.81075027  0.09222401 15.6       ], [21.04759679  0.11383341 19.6       ], [27.64473506  0.2838945  27.        ], [12.59731221  0.10843239  7.2       ], [27.57440081  0.15060767 23.9       ], [20.5345766   0.20074043 19.6       ], [24.84718622  0.1232713  22.2       ], [1.24481651e-311 5.41495948e-321 1.24481651e-311], 
[26.42332893  0.13721039 28.7       ], [27.61082043  0.15826022 33.4       ], [34.59907927  0.1741454  48.8       ][19.78927291  0.1315635  23.2       ], [25.63561572  0.11670614 24.4       ], [18.91313517  0.14521332 19.9       ], [30.29458618  0.12178867 34.9       ], [25.02560222  0.13196673 22.1       ], [14.8166619   0.15129076 14.1       ], [13.19573582  0.11077187  8.3       ], [16.75695152  0.0960727  17.8       ], [20.15201962  0.23405665 50.        ], [13.2328303   0.14221011 13.1       ], [22.19687504  0.14581047 22.8       ], [26.82662662  0.13822522 28.7       ], [24.97608835  0.14520492 26.4       ], [29.52169976  0.10271062 29.        ], [17.87276032  0.1334401  15.6       ], [25.52013045  0.11323012 21.4       ], [28.70030415  0.14599601 38.7       ], [28.04051244  0.1600961  37.2       ], [17.41226027  0.10467542 17.4       ], [13.49522244  0.14560098 11.9       ], [24.5181623   0.12079938 18.7       ], [16.93988347  0.09474199 16.2       ], [14.32296036  0.1471316  23.1       ], [27.40493752  0.13913304 26.6       ], [24.70748617  0.10813372 22.3       ], [23.09406477  0.14997382 22.        ], [14.17974275  0.12260196  7.2       ], [24.12582782  0.12295088 20.4       ], [18.79677786  0.14905923 17.7       ], [24.13842222  0.0980713  23.3       ], [18.34276262  0.14030952 19.2       ], [15.42260507  0.15132222 19.        ], [0.00000000e+000 0.00000000e+000 8.48798317e-314], 
[21.50515139  0.16419423 27.1       ], [22.05603895  0.14916667 18.5       ], [25.94212392  0.22653832 50.        ][25.07104765  0.11309102 22.9       ], [25.12137742  0.13320996 20.5       ], [23.47114883  0.12782597 19.6       ], [25.32947555  0.22486924 23.9       ], [16.36557562  0.19853543  8.5       ], [23.9873806  0.1178903 23.1      ], [25.228604    0.11967582 24.7       ], [20.61829122  0.20178389 14.6       ], [17.91834233  0.14063787 14.3       ], [15.90074068  0.17155508 11.7       ], [30.24207747  0.11566575 37.3       ], [25.59314099  0.11545943 17.1       ], [21.67738967  0.14378567 20.6       ], [24.09918002  0.13731699 23.8       ], [29.41646453  0.17074486 44.8       ], [27.51233798  0.12054661 22.        ], [22.72975576  0.13505916 23.1       ], [25.05243222  0.11106102 22.2       ], [20.9538509   0.21857788 13.4       ], [25.97130757  0.25429894 19.1       ], [30.79881362  0.09272571 32.9       ], [14.06429705  0.16940418  9.5       ], [21.69715338  0.18662495 16.5       ], [25.59192613  0.13087838 28.6       ], [28.10102224  0.11096465 24.1       ], [20.45736739  0.15643816 19.5       ], [24.06879538  0.14334769 19.        ], [25.60493163  0.12320913 19.7       ], [25.88722903  0.16186273 22.6       ], [25.11717658  0.11876816 23.9       ], [23.40497477  0.1885309  20.3       ], [26.66051601  0.12369165 21.1       ], [0. 0. 0.], 
WARNING: FOLDS 5-10 (INC.) ONLY HAVE 35 TRUE PREDICTIONS - IGNORE PREDICTION 36 
[30.85462106  0.21529107 22.8       ], [22.15596368  0.22792851 19.9       ], [15.09056895  0.19490714 12.7       ][32.96448238  0.14700053 31.7       ], [29.73614002  0.16069288 32.2       ], [23.50980838  0.13216882 19.8       ], [25.32570526  0.1177365  27.1       ], [16.39110294  0.24866165 13.3       ], [18.18020223  0.17562498 14.6       ], [26.21842125  0.14509766 21.4       ], [22.7845603   0.17449051 21.4       ], [23.53518578  0.11324967 20.3       ], [14.16623758  0.16425592  8.4       ], [25.14952031  0.14924888 23.8       ], [26.67389678  0.13324777 22.        ], [22.37540353  0.1326394  23.1       ], [29.39277818  0.14308414 23.5       ], [25.37321428  0.12072585 20.5       ], [19.36563931  0.19182416 20.1       ], [23.78480828  0.19364711 22.        ], [26.93924708  0.14168792 20.7       ], [25.83690185  0.16298705 28.7       ], [30.08373475  0.10293942 37.        ], [18.86846367  0.23405265 14.9       ], [27.35197736  0.13270029 25.        ], [23.67051274  0.16058036 21.2       ], [20.98554186  0.19190396 19.1       ], [24.54990852  0.15482308 18.9       ], [28.25980743  0.13573092 32.        ], [20.72190496  0.19650754 20.        ], [29.61553195  0.11460721 30.5       ], [14.19979693  0.21080135  7.2       ], [35.14981035  0.17980212 50.        ], [21.01222143  0.19025401 19.6       ], [22.89766566  0.14122827 19.8       ], [28.91163009  0.13954456 24.5       ], 
[31.16302546  0.27350023 41.3       ], [13.79438304  0.20490682 13.8       ], [29.83420686  0.13832859 33.1       ][17.68879893  0.18513134 14.4       ], [25.63072653  0.14603921 24.1       ], [21.18447863  0.11849442 21.8       ], [31.03581682  0.14605114 31.5       ], [25.93463243  0.13914799 20.        ], [12.57672291  0.15546468 13.1       ], [26.19111265  0.11695438 23.9       ], [25.49372219  0.11281484 24.8       ], [20.4893937   0.12147685 20.5       ], [26.83647731  0.22078871 32.5       ], [29.75625369  0.11945947 37.3       ], [24.83718424  0.10907642 21.7       ], [25.67602619  0.15220819 22.2       ], [27.26215806  0.1403139  18.6       ], [17.6906097   0.09673301 18.4       ], [12.30201957  0.10216773  8.3       ], [21.87219179  0.14665978 18.4       ], [28.43913207  0.15649315 36.2       ], [23.4579486   0.14996264 27.5       ], [29.32540133  0.17455633 43.8       ], [24.67236299  0.10877295 25.        ], [26.94012424  0.11471592 24.8       ], [13.43349228  0.14213807  7.2       ], [25.59395161  0.12996591 17.5       ], [26.44562352  0.12391697 23.7       ], [20.26621238  0.16543529 20.2       ], [28.72214338  0.11012474 29.6       ], [27.62300318  0.30316366 27.        ], [14.50062548  0.16834074 16.3       ], [18.52787418  0.15073894 15.4       ], [20.84957967  0.1597497  22.6       ], [15.94475934  0.16086735 19.        ], [29.81501662  0.13791984 29.8       ], 
[21.91392152  0.18977052 25.        ], [19.66879841  0.16419878 20.1       ], [21.5660431   0.17998582 19.8       ][15.36435012  0.17831187 13.4       ], [25.57688571  0.15303561 22.1       ], [19.86575369  0.20979151 21.5       ], [25.175207    0.11468656 24.7       ], [23.12442871  0.21061027 23.8       ], [17.96893351  0.15921075  8.1       ], [27.00961457  0.13484    18.2       ], [24.71786501  0.19342763 23.        ], [20.6504626   0.15244661 18.8       ], [28.86689861  0.18394287 37.2       ], [36.64464699  0.21511526 36.        ], [22.0118431   0.23258385 23.3       ], [21.68176598  0.16884384 17.4       ], [26.13808732  0.1528193  22.        ], [14.06837715  0.16331606 11.3       ], [26.94892307  0.12575498 26.6       ], [24.74917263  0.10550426 24.4       ], [27.06046298  0.14230661 21.9       ], [18.06679878  0.20249626 15.2       ], [27.6108996   0.14470944 33.        ], [28.39288301  0.1476942  24.1       ], [33.35013693  0.28383554 50.        ], [26.16385424  0.11096557 23.4       ], [24.9788599   0.11194592 21.6       ], [24.96869201  0.10059632 22.6       ], [18.14488783  0.11811679 13.5       ], [14.71882661  0.15137068 10.9       ], [25.65830752  0.13156991 22.        ], [27.12130589  0.15871488 23.6       ], [22.02381988  0.21292183 16.8       ], [25.68411556  0.12442131 19.7       ], [26.86947809  0.14024304 33.2       ], [20.13162563  0.13768927 13.6       ], 
[15.11377667  0.15313953  5.        ], [17.0785465   0.13317617 14.6       ], [25.38528378  0.10016261 21.        ][21.46572458  0.13817441 20.4       ], [26.10599728  0.10219272 24.4       ], [19.57701551  0.1862815  11.8       ], [24.95930181  0.11199181 22.        ], [28.16761708  0.11165448 36.1       ], [24.75702703  0.10802361 24.5       ], [25.9590347   0.10013909 26.4       ], [25.36005737  0.11326835 23.2       ], [26.04044485  0.23306607 24.3       ], [15.00514905  0.14081789  8.8       ], [22.21761009  0.11881435 19.3       ], [16.85299552  0.19171727 10.4       ], [21.44324071  0.13743508 23.        ], [21.00498532  0.14026267 18.3       ], [24.80376402  0.10869856 22.2       ], [26.64744655  0.10361765 26.6       ], [18.16046563  0.16012227 23.2       ], [29.49154215  0.10055058 44.        ], [23.98856678  0.17282495 16.        ], [24.25494245  0.09715962 22.2       ], [36.4269821   0.17395946 33.8       ], [22.03300913  0.15222427 16.5       ], [29.96200612  0.13987445 35.1       ], [23.95214307  0.11112745 22.5       ], [25.10058076  0.11467459 22.4       ], [22.46763837  0.12839505 24.5       ], [24.55331348  0.11480532 20.3       ], [23.85118305  0.11402319 19.4       ], [24.75210514  0.11102413 20.1       ], [20.98669872  0.16781792 17.7       ], [24.31442653  0.11363493 21.6       ], [25.61902407  0.15770201 22.8       ], [20.49621314  0.16568485 18.6       ], 
[24.41939499  0.10906527 19.3       ], [24.94841479  0.11976386 29.6       ], [14.17957216  0.15903377  5.6       ][26.82893172  0.10929461 26.2       ], [21.37290791  0.11804365 19.4       ], [21.1258139   0.10854288 19.3       ], [17.40197755  0.10372804 17.8       ], [25.10461896  0.11085888 20.5       ], [21.63828097  0.1478401  22.8       ], [26.92182195  0.13478679 28.7       ], [25.13377437  0.2178373  23.9       ], [27.1390936   0.14271336 24.6       ], [24.04095491  0.10125347 23.1       ], [15.07233359  0.15767063 11.        ], [21.36239987  0.13345511 20.6       ], [17.19248264  0.19654396  6.3       ], [22.77434579  0.17955391 22.7       ], [29.01068557  0.29788101 50.        ], [24.69101566  0.14190511 16.5       ], [27.73099521  0.11168793 30.3       ], [13.87500783  0.13851208  7.2       ], [31.89435901  0.1506517  50.        ], [26.28352511  0.13142103 26.6       ], [28.42771274  0.14973737 50.        ], [24.8425743   0.09767401 18.9       ], [23.09685194  0.10636574 16.6       ], [30.82548115  0.11589324 32.9       ], [24.76604344  0.095992   23.        ], [25.73474374  0.12595182 28.6       ], [20.64083976  0.16043675 21.4       ], [18.16121871  0.20210665 21.9       ], [34.17715127  0.20000969 36.5       ], [14.84288893  0.18042371  7.4       ], [27.86121658  0.15942405 24.        ], [20.79674023  0.12859306 19.5       ], [1.24551909e-311 1.69759669e-313 1.24551909e-311], 
[26.94120581  0.13802975 28.7       ], [25.34708085  0.10865698 23.1       ], [16.26191773  0.20097657 12.3       ][28.59720018  0.11814139 31.1       ], [17.29331679  0.17108673 16.7       ], [25.29958016  0.11188711 22.9       ], [23.36312482  0.24360276 15.3       ], [22.56576037  0.17799931 25.        ], [13.48276307  0.1433676   8.3       ], [24.27775457  0.13120487 22.9       ], [20.79082097  0.13221175 15.        ], [29.37810016  0.10335409 29.        ], [27.26660219  0.1003127  34.6       ], [16.46679485  0.1711604  12.5       ], [25.10045137  0.09383884 23.3       ], [29.04242817  0.13032211 32.        ], [28.53856071  0.14466907 38.7       ], [29.53681819  0.14678195 30.1       ], [27.23437655  0.14402778 30.1       ], [15.39195362  0.15070701 11.7       ], [24.63769393  0.09469124 17.1       ], [31.59155733  0.13344749 41.7       ], [21.01112481  0.13499809 20.4       ], [25.34737771  0.11283947 28.1       ], [17.38693423  0.0800351  13.3       ], [20.50907054  0.14943104 19.5       ], [16.0840006   0.19114668 11.5       ], [24.65028227  0.1118491  19.        ], [24.04479568  0.09317143 21.        ], [26.57741434  0.16847037 22.6       ], [22.27005209  0.1460112  14.4       ], [25.79169887  0.12184198 22.2       ], [23.37742675  0.13095344 11.9       ], [25.64884402  0.11017315 21.1       ], [14.13413838  0.13591201 13.4       ], [2.75859453e-313 1.24466971e-311 0.00000000e+000], 
[27.62759657  0.12658225 33.4       ], [35.83788416  0.14849583 48.8       ], [31.13250025  0.09621435 36.4       ][20.15737754  0.19051102 17.8       ], [29.73018059  0.20241414 26.7       ], [26.44564508  0.20998078 50.        ], [25.01432886  0.09660847 22.9       ], [33.19145935  0.18177622 46.7       ], [17.35751085  0.15726146 13.3       ], [18.88966251  0.14840853 15.6       ], [26.1229315   0.14280068 20.1       ], [18.62423524  0.16590416 20.8       ], [17.63337167  0.08940135 17.4       ], [22.12956659  0.1214055  22.        ], [14.24450622  0.18524694 11.9       ], [17.32816882  0.16707849 13.        ], [23.71916303  0.1250372  21.7       ], [20.7434468  0.2104787 13.4      ], [14.68326541  0.16213422 12.1       ], [25.831062    0.11238877 28.4       ], [32.15472334  0.16335107 46.        ], [32.88333433  0.21097481 37.6       ], [15.68722684  0.14917168 10.2       ], [29.60800087  0.18009874 24.3       ], [24.29882795  0.14720455 23.3       ], [13.89482827  0.1505064  12.8       ], [24.06991956  0.10657254 18.5       ], [33.14029918  0.18935678 30.1       ], [15.46801576  0.15155461 14.5       ], [31.03199516  0.24204061 50.        ], [24.19674571  0.14386361 19.3       ], [24.12989456  0.09865287 23.3       ], [20.82133889  0.11281954 19.6       ], [15.54464417  0.16612611 15.4       ], [18.76392492  0.14901364 14.9       ], [9.88131292e-324 1.24551909e-311 1.24551909e-311], 
[23.60930962  0.12783752 23.1       ], [17.98326616  0.16688801 19.1       ], [23.85690397  0.10117436 18.7       ][22.28566685  0.16347655 18.5       ], [29.77889172  0.18498348 29.4       ], [22.8060188   0.17466497 23.8       ], [34.23707452  0.24367591 50.        ], [12.60151927  0.18867924 10.5       ], [26.02064494  0.27921712 21.9       ], [14.86343258  0.20229289  8.5       ], [27.90740589  0.14219257 28.4       ], [21.37176907  0.14114561 20.6       ], [24.6562684   0.13188949 18.7       ], [13.63909384  0.21601578 13.8       ], [24.43862118  0.11003691 21.2       ], [19.3184694   0.28020708 17.8       ], [19.66920338  0.1506014  13.2       ], [32.97158244  0.21071414 50.        ], [14.41144344  0.17503397  9.5       ], [24.85409702  0.11543997 22.2       ], [22.92422503  0.13897933 18.2       ], [29.29172986  0.19372288 25.1       ], [20.0947355   0.14805783 19.5       ], [32.88485493  0.23514368 31.        ], [18.06073368  0.20845932 21.4       ], [25.40322579  0.14201993 16.2       ], [14.02369716  0.16231198 11.8       ], [30.97623148  0.11483392 34.9       ], [23.71676171  0.14356228 20.6       ], [23.22729019  0.17304231 22.3       ], [29.23330416  0.1381689  33.2       ], [25.32307635  0.12716417 23.9       ], [23.18077651  0.30189259 50.        ], [24.54455827  0.15912815 20.3       ], [25.37076018  0.12341957 21.7       ], [1.24551909e-311 1.24348953e-311 1.24551909e-311], 
[21.20821728  0.12030687 21.2       ], [22.59785705  0.12953623 21.7       ], [20.05149642  0.13295353 27.1       ][21.14152081  0.15192422 23.2       ], [19.19096414  0.14884523 13.8       ], [28.33167587  0.19076712 27.5       ], [15.82781756  0.17473795 14.1       ], [23.03431325  0.20720152 21.7       ], [24.37705753  0.17313012 26.4       ], [30.14127772  0.14655144 42.3       ], [25.50999085  0.12316243 22.        ], [18.03678979  0.24653038 15.        ], [17.13566031  0.09060796 14.3       ], [23.29458855  0.14225935 16.1       ], [22.83513371  0.19982771 22.7       ], [18.07600566  0.2261125  23.1       ], [24.0770454   0.19634432 21.7       ], [15.33935929  0.18998882 13.9       ], [28.33267095  0.18435678 29.9       ], [15.28566424  0.207891   14.1       ], [18.98552704  0.13000698 14.8       ], [18.07846233  0.19449343 13.8       ], [24.67279294  0.21215162 25.        ], [28.52213766  0.1205347  24.8       ], [18.30634349  0.13653161 13.1       ], [21.32179278  0.1513423  19.9       ], [19.58532574  0.25442676 27.9       ], [28.79622627  0.13921772 33.1       ], [25.12691571  0.11946502 24.7       ], [16.8559312   0.13992946 15.2       ], [28.29274059  0.15429787 28.        ], [28.41084028  0.15346354 35.2       ], [16.91991442  0.11625971 15.6       ], [29.84158397  0.17702213 33.4       ], [29.49606351  0.13507296 31.2       ], [1.24348953e-311 1.24551909e-311 6.36598737e-313], 
[22.38642816  0.13127995 21.        ], [20.70961947  0.12838978 16.6       ], [22.08388849  0.10535571 17.5       ][29.92286611  0.12271434 34.9       ], [28.25385281  0.12190746 42.8       ], [35.47986099  0.16798356 43.1       ], [17.56023839  0.17670979 16.7       ], [29.62545839  0.14717251 33.3       ], [20.96063576  0.21934399 50.        ], [23.78406133  0.09311861 19.6       ], [32.05103987  0.23533067 30.7       ], [28.56839038  0.13722493 32.7       ], [17.66112224  0.14774767 15.6       ], [20.24685723  0.16970562 17.3       ], [24.21501576  0.07945802 24.3       ], [16.30100634  0.15199862 13.5       ], [29.16580739  0.10674557 48.3       ], [29.02625297  0.1312332  44.8       ], [16.27683032  0.09607004 16.2       ], [13.29298324  0.17015059 10.5       ], [14.73077622  0.17535608  7.5       ], [23.93561186  0.20627326 19.1       ], [28.1736708  0.1404686 27.9      ], [23.66684224  0.08739352 22.3       ], [32.44120607  0.290409   50.        ], [16.52825573  0.09913424 18.1       ], [16.98660154  0.11042758 18.        ], [29.46424661  0.13186594 34.9       ], [14.19869876  0.18170348 10.2       ], [26.19577032  0.12112767 22.9       ], [14.75977829  0.16101757  8.4       ], [23.1844535   0.11492503 20.4       ], [28.27410093  0.12867691 23.9       ], [18.61851861  0.14596691 19.2       ], [22.4452066   0.11909751 23.7       ], [21.53369434 21.18547445 21.76584094], 
WARNING: FOLDS 5-10 (INC.) ONLY HAVE 35 TRUE PREDICTIONS - IGNORE PREDICTION 36 
[20.98368138  0.10016067 21.2       ], [25.71345135  0.13741105 29.6       ], [16.47737752  0.12662988 14.6       ][19.44017424  0.14085371 27.1       ], [24.83017649  0.09475423 21.        ], [28.1772604   0.15206384 29.4       ], [30.50654013  0.09913826 36.4       ], [14.09627339  0.14626975 12.3       ], [23.98310188  0.20287378 50.        ], [25.10897192  0.11640468 24.1       ], [24.80037804  0.12973443 22.1       ], [20.13135122  0.21370433 50.        ], [24.26483562  0.11776245 20.5       ], [14.04667524  0.14536183  8.8       ], [24.62340723  0.10713785 23.9       ], [19.20860633  0.18707967 14.6       ], [26.28556125  0.12127016 20.1       ], [16.93461562  0.08136936 14.3       ], [16.37396338  0.1360485  13.        ], [25.42268992  0.10645878 26.6       ], [25.8993254   0.17254267 21.7       ], [13.31435201  0.12918062 10.5       ], [27.01629654  0.1345994  43.8       ], [33.21298536  0.20941252 50.        ], [24.23748585  0.09386376 22.2       ], [23.79155658  0.10399747 22.3       ], [28.72370242  0.11521259 24.8       ], [22.68780001  0.1376009  22.        ], [14.12724674  0.13363108  7.2       ], [24.52900807  0.11646184 20.3       ], [25.02740321  0.09711419 23.4       ], [15.10619873  0.15226436 10.9       ], [17.16710815  0.09237858 15.6       ], [21.07412931  0.14672775 17.7       ], [21.66240189  0.12584763 14.4       ], [26.71813314  0.15165216 22.8       ], 
[29.91931644  0.22806841 22.8       ], [28.89894038  0.20664781 26.7       ], [15.17949785  0.16057054 13.4       ][20.78046362  0.15899299 23.8       ], [24.68658356  0.10383894 22.9       ], [25.25781793  0.10552392 26.4       ], [21.34676106  0.13572719 21.8       ], [12.71447771  0.13756169  8.3       ], [24.43654441  0.10449483 23.2       ], [25.64197573  0.18838008 26.4       ], [28.17745076  0.22132603 32.5       ], [27.0830225   0.13147149 28.4       ], [28.30557962  0.18666509 30.1       ], [29.60294782  0.13720687 37.3       ], [22.53073861  0.17521974 22.7       ], [20.77921728  0.12156765 18.3       ], [24.33358874  0.11957767 18.7       ], [21.98418289  0.12647515 23.1       ], [23.46965896  0.11545753 21.7       ], [26.37637808  0.12828059 28.4       ], [17.76267805  0.1928042  15.2       ], [16.90540511  0.08937804 18.1       ], [25.00790993  0.11661082 23.        ], [28.74913     0.12434282 33.1       ], [13.60468096  0.13150945  8.4       ], [24.6301454   0.10452164 22.6       ], [26.36898289  0.1543249  22.        ], [28.35903991  0.14036407 35.2       ], [29.36277903  0.16827019 33.4       ], [13.22750837  0.1044368  11.8       ], [28.68244848  0.16680803 24.        ], [19.9715223   0.16050807 20.        ], [29.54800724  0.11418266 33.2       ], [15.16931968  0.18041546 15.4       ], [25.06004043  0.1144817  22.2       ], [19.65776014  0.13801555 19.5       ], 
[27.95100102  0.13160691 33.4       ], [13.91386246  0.14762272  5.        ], [19.12312126  0.15128257 20.1       ][26.57987275  0.26687764 41.3       ], [25.05182411  0.11261863 22.9       ], [21.65742267  0.16824388 25.        ], [28.75805654  0.12942061 32.2       ], [16.86337446  0.10553998 17.8       ], [32.96306048  0.28143861 30.7       ], [25.56706496  0.26501657 21.9       ], [19.5748755   0.15754153 21.5       ], [16.65920671  0.17630817  8.5       ], [28.78907504  0.12806723 32.        ], [26.05414133  0.10960005 22.        ], [21.67772972  0.12926943 21.4       ], [24.64404867  0.09749873 21.7       ], [26.41935897  0.26915004 50.        ], [13.97217326  0.13566476  8.4       ], [29.60291303  0.13128517 50.        ], [26.00501066  0.10003786 18.9       ], [24.87939756  0.09074162 20.5       ], [27.71904859  0.12990302 29.9       ], [27.67769451  0.12472903 26.6       ], [15.19021914  0.13559187 10.2       ], [17.73799454  0.18306124 13.8       ], [25.94945769  0.15501458 22.4       ], [33.94247044  0.26147462 30.1       ], [24.35288491  0.10892434 19.4       ], [17.56173361  0.10323029 13.5       ], [34.58325253  0.25227812 31.        ], [23.16042316  0.12234754 20.4       ], [24.30027219  0.14571688 18.9       ], [21.76311258  0.16318589 22.3       ], [20.84729039  0.13316598 19.6       ], [25.12319603  0.09435697 23.9       ], [23.68716755  0.14294029 19.8       ], 
[24.86167657  0.10561497 19.3       ], [33.45937984  0.13077139 48.8       ], [20.43160393  0.10331863 20.4       ][30.34799973  0.14211781 33.1       ], [17.64075481  0.17921864 14.4       ], [18.39898033  0.12322216 19.9       ], [20.34320918  0.1040685  19.4       ], [25.39036395  0.08943711 24.5       ], [31.52412002  0.15018656 31.5       ], [12.66300258  0.14452564 10.5       ], [12.95872278  0.15109539 13.1       ], [19.17784342  0.16824297 15.6       ], [20.97862167  0.12602986 20.5       ], [24.08299729  0.16275867 23.        ], [27.9291068   0.15430452 37.2       ], [28.28188979  0.10952443 30.3       ], [32.60343809  0.14910314 36.        ], [17.39627411  0.10289823 16.2       ], [17.39387252  0.20116541 23.1       ], [28.18560866  0.14003431 23.5       ], [14.44684144  0.16416221 13.9       ], [16.28266974  0.11645621 23.2       ], [29.04366214  0.15149341 27.9       ], [23.30992622  0.10609898 16.6       ], [23.98595693  0.0983332  22.2       ], [21.73607212  0.18014087 25.        ], [13.29371341  0.14351524 10.2       ], [23.98728862  0.10744372 22.5       ], [25.92748919  0.12564162 20.7       ], [24.25683864  0.09985342 19.7       ], [23.92863907  0.10344842 21.6       ], [32.62090166  0.17018743 50.        ], [19.55750579  0.12284552 22.6       ], [20.92437316  0.20570808 50.        ], [30.45058582  0.14054993 29.8       ], [26.02890391  0.10810044 21.7       ], 
[24.94643342  0.14168582 23.1       ], [22.63553083  0.14244073 16.6       ], [19.11051814  0.17252291 11.8       ][15.39686925  0.23296539 13.8       ], [19.56021584  0.21076627 17.8       ], [21.53534     0.09826191 19.3       ], [34.08702201  0.15680397 43.1       ], [24.8708484   0.09838615 23.1       ], [22.71222564  0.12064393 15.        ], [27.74613845  0.10636946 34.6       ], [15.62794206  0.22174925 13.3       ], [16.69248384  0.20154484  6.3       ], [22.33295621  0.13422363 22.        ], [30.27324008  0.15552988 44.8       ], [24.84591507  0.09345165 21.2       ], [26.88640985  0.12989672 26.6       ], [27.07128992  0.12570746 36.2       ], [23.90304525  0.17958453 19.1       ], [20.2654086   0.14278694 14.8       ], [32.67575523  0.25499615 50.        ], [22.4519962   0.13219354 16.5       ], [20.00917098  0.1786145  20.1       ], [18.43778263  0.161603   13.1       ], [27.40923276  0.1368694  25.1       ], [21.35301057  0.14768626 19.5       ], [25.44065647  0.12271075 22.9       ], [24.50358968  0.10311318 21.6       ], [19.93996443  0.21681881 21.4       ], [24.86966267  0.09807079 17.5       ], [22.83992014  0.1042673  21.2       ], [30.16289936  0.09894554 34.9       ], [23.16343018  0.1229087  20.6       ], [29.52132453  0.09826491 31.2       ], [18.6621386  0.1683495 14.9      ], [20.99928501  0.18499023 18.6       ], [1.24481647e-311 6.98351431e-077 1.24481647e-311], 
[13.29367274  0.15253815  5.6       ], [26.79190776  0.11814858 26.2       ], [15.93079867  0.15793216 16.7       ][19.32698824  0.16079084 13.8       ], [28.97235546  0.13406231 42.8       ], [21.71572359  0.1789051  21.7       ], [30.58949979  0.19206758 33.3       ], [23.87691112  0.10118174 19.6       ], [27.37459952  0.18099496 28.7       ], [24.92746557  0.22381887 23.9       ], [26.24572229  0.14524493 24.6       ], [16.7133055   0.19768982 12.5       ], [26.04919112  0.12932161 23.3       ], [28.15308217  0.19173737 38.7       ], [15.8922291   0.16058272 11.7       ], [30.40508083  0.12061448 48.3       ], [17.76609521  0.10478851 17.4       ], [30.89945031  0.13764688 41.7       ], [18.34465572  0.10022985 18.4       ], [26.77926666  0.14524391 22.        ], [24.26307897  0.11607254 24.4       ], [19.74748981  0.26166825 17.8       ], [26.69790619  0.13560655 24.3       ], [17.21560576  0.10074183 13.3       ], [28.60219357  0.17713642 33.        ], [22.23165272  0.12105941 24.5       ], [24.33188366  0.13221918 19.        ], [27.10895369  0.14300897 25.        ], [35.34713036  0.20098523 36.5       ], [24.38720399  0.12114634 20.1       ], [21.13133388  0.19739981 16.8       ], [21.66767932  0.18907674 20.2       ], [24.94817533  0.11547288 23.3       ], [26.91271263  0.28232171 27.        ], [22.2386759   0.12763928 20.3       ], [1.17923295e-095 1.24488409e-311 0.00000000e+000], 
[18.25512155  0.15825167 19.1       ], [23.89669591  0.1127351  18.7       ], [23.16719241  0.15587137 21.        ][21.9171468   0.15396627 18.5       ], [27.52980081  0.14469762 24.4       ], [15.48907756  0.18492933 12.7       ], [31.06259662  0.14989364 31.1       ], [24.88179917  0.28787414 15.3       ], [33.64952458  0.16230401 31.7       ], [16.08632649  0.16547381 14.1       ], [22.8595468   0.21526626 23.8       ], [19.20616142  0.17077598  8.1       ], [31.91653849  0.16079742 30.1       ], [25.02233698  0.102637   24.3       ], [21.6425769   0.12542719 20.6       ], [25.65079185  0.17939792 16.5       ], [27.36912102  0.12393679 22.        ], [22.62993713  0.19356125 20.4       ], [24.3509645  0.2568256 23.3      ], [23.65915323  0.17131548 27.5       ], [16.27590369  0.2261629  14.1       ], [24.29204863  0.18121407 16.        ], [14.30570562  0.1759176   9.5       ], [15.47741917  0.19597434 12.8       ], [26.20779549  0.15554676 18.5       ], [27.82288071  0.13295541 24.8       ], [17.63270477  0.18815281 14.9       ], [18.91351522  0.15320069 15.2       ], [29.23956654  0.14142089 28.        ], [14.22855584  0.18452904  7.4       ], [25.04579923  0.11854963 21.        ], [27.67082654  0.17555777 22.6       ], [29.98891486  0.13473639 32.        ], [28.30438954  0.14190051 23.9       ], [23.96194134  0.13052485 23.7       ], [9.88131292e-324 1.24481647e-311 1.24481647e-311], 
[21.99763445  0.13300965 21.7       ], [20.38129323  0.13287215 23.2       ], [29.51200978  0.127967   34.9       ][21.41826197  0.15078095 22.8       ], [26.80151667  0.25532798 24.3       ], [23.65434371  0.12439811 19.8       ], [29.45804051  0.10840888 29.        ], [14.73602931  0.14981375 11.        ], [25.63626158  0.11545388 24.8       ], [21.31408052  0.18438348 17.3       ], [18.85247489  0.2099807  15.6       ], [29.60326239  0.12320738 42.3       ], [25.85783134  0.12287573 18.2       ], [16.42059897  0.23710079 10.4       ], [20.81440022  0.11535596 23.        ], [24.23711695  0.14560726 16.1       ], [14.98759807  0.1429768  13.5       ], [31.43125346  0.1639827  50.        ], [12.9638545   0.11471066  8.3       ], [21.20365911  0.12969295 18.4       ], [22.84866126  0.19594461 17.4       ], [31.07282876  0.17776358 46.        ], [25.76041226  0.10779691 21.9       ], [24.72842194  0.0935016  28.1       ], [29.51528835  0.11028509 32.9       ], [29.5707038   0.13072645 34.9       ], [16.26922667  0.17792111 27.9       ], [25.40506741  0.17028516 23.3       ], [29.86030406  0.15495748 35.1       ], [20.01402554  0.16957497 19.5       ], [13.79825254  0.14581409 11.5       ], [18.00950429  0.18777957 21.9       ], [28.24660347  0.19009976 23.6       ], [20.02345514  0.13029334 19.1       ], [19.87755339  0.20685384 15.4       ], [1.24481648e-311 2.63263058e-052 1.24481648e-311], 
[26.42836708  0.13614678 28.7       ], [21.42709281  0.18036087 25.        ], [25.69522037  0.11440395 23.1       ][22.524899    0.13298227 19.8       ], [22.39307574  0.13042806 17.5       ], [30.14987713  0.15805019 27.5       ], [32.70742886  0.1718587  46.7       ], [25.6278042   0.11556826 20.        ], [24.905955    0.12807329 22.9       ], [25.18960105  0.09298685 24.7       ], [23.90632794  0.11655951 20.3       ], [20.24044962  0.11729255 18.8       ], [21.00154052  0.14569137 20.6       ], [24.66348184  0.132133   23.8       ], [13.24350741  0.16503015 13.8       ], [20.32237092  0.19830983 13.4       ], [13.46343066  0.13890284  7.5       ], [32.12138721  0.20495052 37.6       ], [20.03799697  0.12760451 13.2       ], [36.18554968  0.18531622 33.8       ], [20.67369346  0.16438249 19.9       ], [25.95373191  0.12716844 28.6       ], [28.11396648  0.1307957  24.1       ], [30.09242885  0.24079628 50.        ], [25.39466555  0.11448037 24.7       ], [25.00806176  0.14719956 28.7       ], [30.55544276  0.10081653 37.        ], [14.17374082  0.13727741 14.5       ], [25.40644583  0.13141604 16.2       ], [30.10573119  0.22070069 50.        ], [14.93877549  0.18282698 16.3       ], [18.68459529  0.13744332 19.2       ], [21.57637431  0.15792295 19.6       ], [23.55413158  0.13460452 11.9       ], [20.40666799  0.1164954  13.6       ], [6.38275956e-067 3.70229054e-033 6.36598737e-313], 
[25.76199643  0.1171258  22.        ], [28.49290239  0.13623134 36.1       ], [34.49616136  0.25700298 50.        ][17.89528692  0.19267286 16.7       ], [29.14195873  0.14441865 32.7       ], [22.77193591  0.14940707 19.3       ], [17.23448458  0.18519661 13.3       ], [25.31228516  0.12036607 27.1       ], [26.20914234  0.14563182 21.4       ], [17.39551516  0.2241602  15.        ], [17.67977649  0.18394862 20.8       ], [25.67200461  0.13560497 17.1       ], [22.00848426  0.14786562 22.7       ], [26.11061067  0.14614729 22.2       ], [27.14760898  0.12412687 18.6       ], [14.22449816  0.19491497 11.9       ], [13.69915167  0.15183132  7.2       ], [24.66905442  0.11564519 22.2       ], [15.73760911  0.16549508 12.1       ], [14.82082189  0.1746548  11.3       ], [30.67879685  0.13859647 44.        ], [24.74828233  0.11274675 25.        ], [18.05454469  0.1676939  18.        ], [24.00466307  0.15589077 18.2       ], [20.6982159   0.15407484 21.4       ], [25.10415017  0.15677103 19.3       ], [27.28292148  0.13342372 23.7       ], [29.25075026  0.12148688 29.6       ], [31.18053864  0.11712259 30.5       ], [14.25173604  0.16723548  7.2       ], [27.49442936  0.16469429 33.2       ], [16.66831188  0.18353419 19.        ], [25.92972467  0.12188427 21.1       ], [28.4064744   0.11915657 24.5       ], [14.30182712  0.15204601 13.4       ], [15.67329741 14.92040227 15.02981498], 
WARNING: FOLDS 5-10 (INC.) ONLY HAVE 35 TRUE PREDICTIONS - IGNORE PREDICTION 36 
[21.75820827  0.12344057 21.2       ], [23.93629459  0.09365597 18.7       ], [23.7867995   0.14773518 16.6       ][22.49130536  0.15393292 27.1       ], [21.05914494  0.12983967 20.4       ], [21.49923086  0.14604312 18.5       ], [26.88120431  0.11205831 26.2       ], [25.85378018  0.10257401 26.4       ], [35.32221624  0.16688289 43.1       ], [13.46754275  0.16266252 10.5       ], [18.4748129  0.1868327 16.7      ], [20.90301104  0.18350098 21.5       ], [25.61608758  0.1136608  23.1       ], [22.54270757  0.15380167 15.        ], [30.29690628  0.11962696 29.        ], [29.6906776   0.15344401 38.7       ], [29.03718976  0.21862695 32.5       ], [15.807138    0.16953797 13.5       ], [31.88852721  0.12366883 48.3       ], [23.95434428  0.23105726 22.7       ], [15.79416046  0.17074558 23.1       ], [25.55580804  0.09809327 20.5       ], [28.8893861   0.14207357 27.9       ], [27.5904901   0.14324535 25.1       ], [26.369114    0.11662592 24.7       ], [25.31400948  0.11705852 20.3       ], [33.11605613  0.19798417 31.        ], [13.68927594  0.15631531  7.4       ], [24.9806233   0.09888404 19.7       ], [20.74504261  0.16463468 17.7       ], [25.15854079  0.09689874 23.3       ], [27.46835914  0.13358191 24.        ], [16.6932832   0.17115175 19.        ], [24.03914723  0.11760563 11.9       ], [22.25528796  0.17913243 13.6       ], [26.48782976  0.12406006 21.1       ], 
[18.33050427  0.14896845 19.1       ], [22.31037841  0.18184916 25.        ], [26.54088083  0.11777649 24.4       ][25.97755285  0.22806398 50.        ], [20.15590999  0.10085588 19.4       ], [25.93369909  0.1134317  22.9       ], [24.8535697   0.24777849 15.3       ], [35.21847805  0.25856834 50.        ], [12.3410947   0.15011934 13.1       ], [28.8686207  0.1543463 28.7      ], [13.04554474  0.16325015  8.8       ], [24.00562173  0.24815781 23.8       ], [15.46052161  0.15711092 11.        ], [29.63942834  0.15508971 30.1       ], [21.54021596  0.14065714 20.6       ], [15.96023426  0.16544135 11.7       ], [29.22657043  0.12314125 37.3       ], [20.79051622  0.12336989 18.3       ], [14.45163215  0.19434002 11.9       ], [24.73413571  0.12791883 18.7       ], [12.98243567  0.17438665 13.8       ], [22.12496357  0.12551335 23.1       ], [26.42917672  0.13461176 18.9       ], [24.72634483  0.09713247 21.9       ], [29.46604503  0.14603185 44.        ], [19.80003758  0.23605187 17.8       ], [29.62564488  0.11228282 32.9       ], [23.33599674  0.15363716 22.        ], [24.8967204   0.13904742 22.4       ], [14.18366663  0.15841905 11.5       ], [27.81003999  0.11893695 28.        ], [18.15350537  0.18035989 21.4       ], [26.56287537  0.11048954 23.7       ], [13.01039338  0.11659606 11.8       ], [23.32116724  0.14423349 19.8       ], [13.5298308   0.12202774 13.4       ], 
[21.7575061   0.14829642 19.8       ], [28.21236127  0.2286356  26.7       ], [29.59369322  0.14031163 31.1       ][16.7887742   0.18384054 16.7       ], [29.25949549  0.12779388 36.1       ], [30.92669016  0.10361781 34.9       ], [32.66905535  0.16805802 46.7       ], [28.02396378  0.14493897 24.6       ], [14.57823691  0.17923797 13.3       ], [30.72725768  0.14051107 32.        ], [27.82432828  0.1272311  28.4       ], [17.26548557  0.10966884 14.3       ], [26.51965472  0.32174265 50.        ], [13.42259042  0.12398469  7.2       ], [15.42519457  0.15789594 12.1       ], [14.95879912  0.17481518 13.9       ], [14.07571815  0.15446271 11.3       ], [24.79123931  0.0977463  28.1       ], [17.5031016   0.16575988 15.2       ], [24.85530928  0.13064307 22.2       ], [17.87232829  0.14433636 18.        ], [14.39808334  0.13777957 12.8       ], [24.33776746  0.12057205 18.5       ], [26.38387475  0.1377928  22.9       ], [24.30561551  0.13907847 28.7       ], [29.27321234  0.17640705 23.6       ], [22.81524704  0.10286309 21.2       ], [19.50245531  0.13583187 20.        ], [15.50184478  0.15651951 15.4       ], [12.85247406  0.13072479  7.2       ], [28.78860134  0.14608234 23.9       ], [26.72049273  0.18583582 22.8       ], [20.24356877  0.2036631  19.6       ], [22.87776056  0.12227146 23.7       ], [20.78000444  0.13177865 19.5       ], [28.70940696  0.13702262 24.5       ], 
[14.33833214  0.14263748  5.        ], [35.5525974  0.1577097 48.8      ], [20.97917482  0.24448758 17.8       ][21.28182046  0.18481178 19.9       ], [32.19170001  0.12236354 31.7       ], [21.65685283  0.15980612 21.8       ], [23.26428797  0.22198841 21.7       ], [25.13069251  0.11870129 20.5       ], [23.89315918  0.10261213 19.6       ], [25.88055382  0.22794002 23.9       ], [25.38253828  0.10330118 24.7       ], [26.06272697  0.10560254 24.8       ], [25.04989632  0.09345518 24.3       ], [17.64421574  0.16888272 20.8       ], [23.58746426  0.20034322 22.7       ], [14.59582331  0.14041752  8.4       ], [26.44007894  0.14223966 22.2       ], [24.30348097  0.13514949 23.8       ], [32.95186173  0.1384609  41.7       ], [27.61387498  0.10642955 22.        ], [22.42736901  0.1521221  20.4       ], [21.56963581  0.14571843 18.4       ], [22.51070447  0.17461384 17.4       ], [26.96367193  0.14916879 29.9       ], [29.25828243  0.16438492 36.2       ], [23.39238285  0.13311594 16.6       ], [18.12055387  0.14701495 13.3       ], [30.31250429  0.08142388 37.        ], [17.58160559  0.18425675 14.9       ], [14.84143238  0.14775333  8.4       ], [25.80358857  0.1303017  22.        ], [24.88649799  0.12792672 19.        ], [25.20841178  0.11024427 17.5       ], [17.58354356  0.13686167 15.6       ], [24.1985738   0.15392627 18.9       ], [21.32734948  0.17612582 18.6       ], 
[24.65723443  0.11085947 23.1       ], [16.37842628  0.12902437 14.6       ], [28.43453502  0.15278617 33.1       ][16.70019208  0.11000092 14.4       ], [24.87179314  0.11786261 22.        ], [21.84110637  0.13859655 23.8       ], [12.65530064  0.11200593  5.6       ], [25.13984762  0.10665063 24.5       ], [30.66365777  0.16544225 33.3       ], [25.44188494  0.13670616 23.9       ], [15.70184107  0.15216335 12.5       ], [17.33112064  0.11081348  8.1       ], [26.26401512  0.1378571  18.2       ], [26.03375155  0.14674422 20.1       ], [23.31088413  0.10897151 20.3       ], [17.06094279  0.08080395 16.2       ], [17.94584008  0.08316496 18.4       ], [28.35569954  0.14814707 23.5       ], [12.70202952  0.09603033  7.5       ], [31.11875693  0.20526868 37.6       ], [17.22297065  0.08116949 18.1       ], [17.93336398  0.12638348 13.1       ], [15.02817993  0.16135664 27.9       ], [21.58680244  0.08879913 24.5       ], [27.37591635  0.15010444 24.1       ], [24.21685739  0.10559829 22.6       ], [29.9775342   0.24797685 50.        ], [25.21704596  0.14781802 22.6       ], [29.45031076  0.14623916 31.2       ], [27.63152163  0.14300146 33.2       ], [24.40428898  0.1043534  23.9       ], [13.73970399  0.12534673 16.3       ], [32.7869436   0.22922109 50.        ], [18.57362612  0.14259327 15.4       ], [19.30692726  0.22375853 50.        ], [5.41990013e-321 1.24551909e-311 2.27270197e-322], 
[23.69680744  0.10737026 23.1       ], [30.25955398  0.11131106 36.4       ], [19.7791928   0.16160264 13.8       ][26.04361259  0.2571194  21.9       ], [19.36518383  0.19174475 14.6       ], [24.98483161  0.10526776 22.        ], [21.82037192  0.13170944 21.4       ], [21.70950847  0.14843836 23.        ], [24.79738371  0.10251012 21.7       ], [28.99013928  0.17134959 37.2       ], [23.51662371  0.12838829 16.1       ], [25.85258156  0.10888454 26.6       ], [23.27343866  0.10908885 21.7       ], [27.02317197  0.11307645 26.6       ], [25.82542924  0.12557654 22.        ], [18.39552281  0.19158888 23.2       ], [32.54024332  0.16943925 46.        ], [23.09354324  0.14282392 27.5       ], [14.98063787  0.17538783  9.5       ], [24.93243726  0.11528407 23.        ], [28.59561503  0.11375114 24.8       ], [23.79878793  0.10865518 22.5       ], [28.71845455  0.11521777 33.1       ], [25.70758574  0.12424443 20.7       ], [33.46009658  0.22007834 30.1       ], [25.90640818  0.10824208 23.4       ], [15.36678734  0.16586781 10.9       ], [27.41081389  0.12962308 25.        ], [29.5753354  0.1523733 35.2      ], [22.56061088  0.13102062 19.3       ], [22.86417341  0.13608263 14.4       ], [20.93486518  0.1155967  19.6       ], [29.53327896  0.10830703 30.5       ], [22.40344908  0.17822868 22.6       ], [27.65339533  0.13484578 33.2       ], [2.96439388e-323 1.06099790e-313 1.24348953e-311], 
[24.80440351  0.12628037 19.3       ], [22.23145332  0.15721377 21.        ], [19.13545516  0.17778815 20.1       ][29.1992009   0.28400115 41.3       ], [28.97670203  0.17066746 29.4       ], [28.42129103  0.1910002  27.5       ], [21.39779292  0.16437758 25.        ], [25.79536785  0.16639305 22.1       ], [28.77716492  0.14117106 42.8       ], [21.4851974   0.13238997 19.3       ], [25.4123669   0.11673116 23.2       ], [24.49260854  0.13049721 22.9       ], [14.19621781  0.17855985  8.5       ], [25.23696498  0.13036771 27.1       ], [28.04333521  0.14466292 34.6       ], [18.9488677   0.20474826 15.6       ], [30.80948281  0.16382799 42.3       ], [28.52784112  0.18224596 30.1       ], [27.96066515  0.15507508 26.6       ], [24.84744856  0.11782544 24.4       ], [29.08817782  0.16787259 43.8       ], [24.28267475  0.12522979 22.2       ], [18.73275636  0.13438639 14.8       ], [28.03033863  0.14942364 33.        ], [30.41333394  0.13255177 34.9       ], [19.71213069  0.15575158 19.9       ], [19.97841015  0.16185707 21.4       ], [19.5787556   0.14766896 19.5       ], [24.07658678  0.14063257 19.4       ], [14.59897738  0.12848686 14.5       ], [24.81142743  0.11049129 20.1       ], [24.60829001  0.14573151 16.2       ], [29.66177525  0.16225176 33.4       ], [27.41947644  0.31930909 27.        ], [18.49922168  0.16318064 19.2       ], [1.24551909e-311 1.24348953e-311 0.00000000e+000], 
[28.91356731  0.16367377 33.4       ], [27.48987966  0.17141938 29.6       ], [20.51402068  0.22374022 11.8       ][17.29620689  0.19529694 13.4       ], [14.94344417  0.15055012 12.7       ], [26.72745507  0.13645417 24.1       ], [17.3553115   0.17565525 14.1       ], [26.36139998  0.13585033 20.        ], [21.2452452   0.22134187 50.        ], [23.17663018  0.1726697  22.8       ], [29.5546687   0.15305423 32.7       ], [26.01478799  0.18144332 26.4       ], [22.43546834  0.1256318  19.3       ], [25.17406642  0.15415605 19.8       ], [18.55901146  0.18198693 15.6       ], [21.71933154  0.15594291 20.5       ], [25.06581997  0.16776323 16.5       ], [24.65799671  0.17924923 22.        ], [25.85995686  0.26876131 23.3       ], [22.7233019  0.2452877 13.4      ], [13.82934792  0.15185322 10.5       ], [23.97117968  0.1722079  16.        ], [19.84941859  0.17628928 13.2       ], [17.30739262  0.17693153 13.8       ], [29.21431933  0.15833158 24.3       ], [36.20805872  0.2305424  33.8       ], [33.38710024  0.29264504 50.        ], [23.15786126  0.1748193  25.        ], [21.67831623  0.16325565 16.5       ], [13.94873961  0.15743132 10.2       ], [26.37324218  0.13583087 28.6       ], [17.88639112  0.18364978 21.9       ], [36.70926075  0.22318081 36.5       ], [23.85187188  0.13532031 20.6       ], [24.6790333   0.16884058 20.3       ], [1.24551909e-311 1.24348953e-311 1.24480676e-311], 
[25.37386047  0.0899366  21.        ], [20.68546674  0.15207615 23.2       ], [13.26712329  0.18765819 13.8       ][13.62194675  0.17873353 12.3       ], [22.43169355  0.11851546 17.5       ], [23.03584832  0.21610418 24.3       ], [20.31095477  0.16301346 17.3       ], [25.44079961  0.09369349 21.4       ], [25.40046601  0.09522708 23.3       ], [17.20408594  0.24645501 15.        ], [25.19119674  0.17296258 23.        ], [25.0415753  0.0944652 17.1      ], [20.07172773  0.13293152 18.8       ], [21.04532664  0.15511525 20.6       ], [16.96842128  0.10767039 17.4       ], [34.54099723  0.23375227 36.        ], [27.61835609  0.13099005 18.6       ], [15.32905571  0.14942115 13.        ], [24.36625453  0.08483202 21.2       ], [24.75943427  0.09018472 22.2       ], [28.59690341  0.12879541 50.        ], [11.93425482  0.10477227  8.3       ], [25.10386754  0.18507898 21.7       ], [26.54262844  0.11220786 28.4       ], [25.02501823  0.09287417 22.3       ], [22.83453176  0.13642692 18.2       ], [29.35330022  0.13560765 35.1       ], [29.97792566  0.24839619 50.        ], [16.36598367  0.14450393 15.2       ], [17.7654235   0.11725627 13.5       ], [23.67233786  0.12363236 20.4       ], [20.99100098  0.18746559 16.8       ], [22.89945761  0.19532097 22.3       ], [25.33235353  0.1360209  21.6       ], [30.47507873  0.12885529 29.8       ], [1.24551909e-311 1.24348953e-311 1.24551909e-311], 
[27.07916304  0.1529482  28.7       ], [22.54811129  0.11756999 21.7       ], [31.16666348  0.25738683 22.8       ][25.69259592  0.13753744 22.9       ], [28.46288632  0.12336512 32.2       ], [12.47473371  0.11727436  8.3       ], [30.19177137  0.14094997 31.5       ], [17.25426255  0.10560021 17.8       ], [35.18122901  0.25256609 30.7       ], [16.78882844  0.15830098 13.3       ], [14.83909567  0.14817309  6.3       ], [15.49039623  0.21520292 10.4       ], [28.20802232  0.12022059 30.3       ], [30.57659416  0.16035669 44.8       ], [30.94886117  0.15865013 50.        ], [14.49800874  0.14974451 14.1       ], [15.38237925  0.15148405 10.2       ], [22.96251985  0.17267354 19.1       ], [25.28526691  0.11051809 25.        ], [35.16988045  0.22888193 50.        ], [19.0670181   0.13512855 20.1       ], [23.79104942  0.13320372 23.3       ], [19.95525636  0.13183947 19.5       ], [27.78821054  0.11966344 24.8       ], [14.16023011  0.11121868  7.2       ], [25.08341551  0.14364154 21.6       ], [20.30812791  0.13278258 19.1       ], [24.03828826  0.11069807 21.        ], [29.89507038  0.12154273 34.9       ], [20.34084863  0.15709142 20.2       ], [29.02329211  0.13707052 32.        ], [29.8562261  0.105038  29.6      ], [25.79889191  0.14005272 22.2       ], [17.67748877  0.13799141 14.9       ], [26.00321779  0.12927075 21.7       ], [21.53369434 21.18547445 21.76584094], 
WARNING: FOLDS 5-10 (INC.) ONLY HAVE 35 TRUE PREDICTIONS - IGNORE PREDICTION 36 
[21.79509814  0.10104501 21.7       ], [19.29322447  0.1408731  20.1       ], [20.42259466  0.12040081 23.2       ][31.82661831  0.12787667 36.4       ], [32.74842451  0.1406276  46.7       ], [32.41966328  0.15417393 31.5       ], [23.79103711  0.11394993 19.6       ], [27.43070962  0.14600449 28.7       ], [33.85204792  0.2830484  30.7       ], [25.09924871  0.10321604 27.1       ], [15.29596493  0.16150735 11.        ], [25.58226145  0.13132056 21.4       ], [31.06605338  0.16122509 30.1       ], [22.01395622  0.13088155 21.4       ], [24.19700226  0.15963307 16.1       ], [27.00280472  0.12355908 22.        ], [14.2889962   0.17207334 13.9       ], [24.42699124  0.08114531 24.4       ], [15.14949672  0.14214578 10.2       ], [22.99862651  0.11618977 16.6       ], [24.35111437  0.12921049 22.2       ], [22.61877934  0.12300972 18.2       ], [29.58630244  0.19536668 25.1       ], [20.42301164  0.14010281 21.4       ], [22.04924346  0.10205919 21.2       ], [27.45617361  0.12568447 23.7       ], [21.19351848  0.1990031  16.8       ], [27.27045768  0.17649228 22.6       ], [23.0527665  0.1224129 20.6      ], [21.8315826   0.14862317 22.3       ], [29.64086095  0.11078484 29.6       ], [20.07225984  0.13803773 20.        ], [14.81750273  0.14213066 15.4       ], [26.86877734  0.16536688 22.8       ], [30.5510504   0.12118568 29.8       ], [13.68191921  0.13045264 13.4       ], 
[25.004788    0.11603808 19.3       ], [24.79270936  0.13145373 23.1       ], [18.4511829   0.17476086 19.1       ][27.03010978  0.1828979  29.6       ], [20.97690703  0.14455954 27.1       ], [17.12319896  0.13922821 14.4       ], [23.1677989   0.14350183 17.5       ], [25.38467506  0.11078648 22.9       ], [25.28312506  0.14980428 22.1       ], [24.0331647   0.16890984 19.3       ], [16.98812933  0.18110936 13.3       ], [16.93584951  0.20357592 12.5       ], [25.98680443  0.10716512 24.8       ], [15.37804067  0.16838366  6.3       ], [25.13794774  0.20401175 23.        ], [17.56900886  0.11912668 14.3       ], [28.59218811  0.13655963 30.3       ], [25.61481113  0.12690707 18.7       ], [21.28982398  0.27484062 13.4       ], [29.85089252  0.1767542  29.9       ], [32.75265386  0.21362938 37.6       ], [25.49334012  0.10490579 28.1       ], [31.4102878   0.10999162 32.9       ], [18.08014231  0.13700348 18.        ], [28.00407203  0.16233237 24.1       ], [25.23518882  0.14847471 28.7       ], [14.05750965  0.14713058  7.2       ], [33.91891821  0.2094584  30.1       ], [26.1475663   0.08978693 23.4       ], [28.02385588  0.18583407 23.6       ], [17.52093627  0.12073723 15.6       ], [29.58991762  0.17744645 33.2       ], [25.81641782  0.13581045 22.2       ], [24.52424847  0.15623053 19.8       ], [24.57009349  0.14200898 11.9       ], [20.74244811  0.13948822 13.6       ], 
[31.80162339  0.25957756 22.8       ], [22.1029591   0.14965549 16.6       ], [15.31720601  0.16874831 12.3       ][29.23092443  0.14805162 31.1       ], [23.95706903  0.26187993 15.3       ], [21.76920723  0.24092907 50.        ], [25.60962155  0.15435837 20.5       ], [25.00378562  0.17964295 26.4       ], [21.54327024  0.13493617 15.        ], [14.75171326  0.14766384  8.8       ], [26.63565129  0.15439546 23.3       ], [29.52822756  0.14706935 37.3       ], [21.26083377  0.14460884 22.7       ], [24.10526004  0.11854677 21.7       ], [27.54181429  0.16306711 37.2       ], [21.28423308  0.13572183 20.6       ], [32.74555807  0.16353951 41.7       ], [15.16545271  0.15608059 11.3       ], [26.61611781  0.13471048 21.9       ], [28.082842    0.15904221 43.8       ], [24.37508981  0.11710763 25.        ], [25.22208102  0.13759826 22.3       ], [14.12101809  0.14449526  9.5       ], [17.71650006  0.11066858 18.1       ], [29.23958805  0.13515153 34.9       ], [14.70928674  0.16453034 10.2       ], [23.52977296  0.10253266 22.4       ], [25.00255954  0.11956214 28.6       ], [28.75430746  0.14227454 33.1       ], [24.00780123  0.13368543 19.        ], [28.01529817  0.13581596 25.        ], [25.10994029  0.13518417 20.1       ], [23.05528454  0.15478639 19.3       ], [22.3578875   0.15232124 14.4       ], [30.84857845  0.13970678 30.5       ], [26.01823447  0.14732817 21.1       ], 
[26.99324207  0.16085423 28.7       ], [28.80938073  0.1753469  33.4       ], [23.4190099   0.15790489 21.        ][26.64094615  0.11906045 24.4       ], [30.57590407  0.14907249 33.1       ], [15.3943851  0.1760411 12.7      ], [14.46471552  0.21683887 10.5       ], [27.44727859  0.27898847 21.9       ], [25.41351621  0.21749585 24.3       ], [27.16098716  0.14026384 24.6       ], [17.035338    0.23359259  8.5       ], [29.78974384  0.1470753  32.        ], [24.63066362  0.08493708 24.3       ], [15.55173194  0.18535257 11.7       ], [17.09049372  0.25644597 10.4       ], [25.15410421  0.14174058 22.2       ], [15.8141562   0.17450527 13.5       ], [18.01298456  0.26979109 23.1       ], [24.09824111  0.10493741 22.2       ], [22.99328602  0.20714638 17.4       ], [27.69820141  0.14164607 26.6       ], [25.74147897  0.2343827  19.1       ], [24.02487661  0.17107052 16.        ], [22.59446747  0.14045642 24.5       ], [31.2869289   0.22748443 50.        ], [16.43475662  0.21783259 11.5       ], [23.76744773  0.11804657 19.4       ], [18.15865117  0.14342011 13.5       ], [15.02396992  0.18039013 10.9       ], [15.67250664  0.21898853  7.4       ], [25.29032804  0.09776729 19.7       ], [21.90648523  0.19326526 20.2       ], [29.84533881  0.11997311 31.2       ], [22.9256035   0.17777939 22.6       ], [23.55529757  0.13277514 23.7       ], [28.65533318  0.12782776 24.5       ], 
[20.00325236  0.14769095 25.        ], [34.60170309  0.13754467 48.8       ], [28.81217339  0.27730695 41.3       ][26.2681588   0.10766192 26.2       ], [26.76081357  0.19636967 27.5       ], [27.26753076  0.15869637 20.        ], [29.41740937  0.11693251 29.        ], [14.0622663   0.16172907 13.3       ], [22.07792653  0.16785903 17.3       ], [26.01214771  0.10082548 22.        ], [17.47608507  0.20069619 15.        ], [21.25230007  0.13069999 23.        ], [24.69434771  0.2824758  50.        ], [13.8043279   0.13484891  8.4       ], [24.23067534  0.22424825 22.7       ], [20.60042113  0.12752203 18.3       ], [26.73612194  0.13153106 18.6       ], [27.74511345  0.14676447 26.6       ], [16.93645073  0.15245378 23.2       ], [28.2151265   0.14989258 27.9       ], [30.31314915  0.1779374  24.3       ], [27.12467679  0.13450012 33.        ], [19.65566448  0.1357145  19.9       ], [24.65465751  0.12546142 18.5       ], [30.70130997  0.09181957 37.        ], [20.79238294  0.15391654 19.5       ], [33.31040048  0.14966766 36.5       ], [23.54178204  0.13294998 20.4       ], [29.73009485  0.11146224 34.9       ], [15.85802431  0.17442185 16.3       ], [19.15028074  0.154515   19.2       ], [19.40824185  0.17226402 50.        ], [23.80026603  0.13753985 20.3       ], [25.91705001  0.12732301 21.7       ], [20.19501314  0.16305921 18.6       ], [7.33159991e-130 8.42948263e+252 5.02389195e+223], 
[16.41202782  0.23255005  5.        ], [18.34915639  0.1850467  14.6       ], [25.62856036  0.14863543 21.        ][21.43530496  0.12059875 20.4       ], [17.00602423  0.19800101 13.4       ], [25.76019476  0.12598901 22.        ], [15.96688643  0.23464349  5.6       ], [21.38756656  0.14234008 19.4       ], [25.88691785  0.11757831 23.2       ], [15.24765871  0.20555391 13.1       ], [24.39268237  0.15311189 22.9       ], [28.68386611  0.14452704 32.7       ], [25.76244595  0.1490262  23.1       ], [19.72686291  0.19165814 15.6       ], [19.31022124  0.20378884 15.6       ], [27.66002682  0.20423512 32.5       ], [30.76324739  0.14166543 42.3       ], [22.09009422  0.14771259 20.6       ], [26.32955578  0.13784855 28.4       ], [24.82815729  0.1156097  17.1       ], [23.74716707  0.11772604 20.3       ], [25.07869522  0.16500952 16.5       ], [24.97739469  0.12541886 21.2       ], [23.11671294  0.13532505 23.1       ], [28.27110975  0.1478651  36.2       ], [31.77749301  0.24911765 50.        ], [21.21322452  0.1402584  16.5       ], [25.44583517  0.13671796 23.        ], [15.40862296  0.18141398 12.8       ], [17.01589104  0.19373334 14.5       ], [28.14445837  0.1553148  35.2       ], [24.83872543  0.14333135 21.        ], [25.14910055  0.12121972 23.3       ], [29.63462831  0.17719835 24.        ], [18.81661767  0.17434633 14.9       ], [6.58227470e+180 1.67499955e+243 3.90570528e+233], 
[21.31874466  0.13675503 21.2       ], [21.46987227  0.16030352 18.5       ], [14.11850019  0.19316492 13.8       ][27.12209495  0.24085729 50.        ], [23.50449208  0.21774275 23.8       ], [16.00491288  0.17453192 16.7       ], [19.27781506  0.17095349 13.8       ], [15.09582412  0.16697732 14.1       ], [21.17954231  0.14907411 21.8       ], [35.64882967  0.18420748 43.1       ], [25.38743873  0.19531168 23.9       ], [21.91833919  0.23999838 21.5       ], [23.16123132  0.12229253 19.8       ], [19.28654118  0.20860746 14.6       ], [17.73952677  0.13021876  8.1       ], [17.32489844  0.18118785 20.8       ], [34.21546024  0.21723214 36.        ], [21.55356316  0.14852353 20.4       ], [28.72471537  0.14806819 50.        ], [24.26418717  0.25310677 23.3       ], [24.98171082  0.11637902 18.9       ], [31.40325139  0.1865437  46.        ], [14.39204689  0.18196279 14.1       ], [23.4657107   0.09988647 22.2       ], [35.11143932  0.2015812  33.8       ], [17.60323305  0.1021841  13.3       ], [29.69283384  0.15096538 35.1       ], [25.7681961   0.11022747 20.7       ], [24.55110083  0.12497057 20.3       ], [24.7255369   0.12390025 21.6       ], [26.04955229  0.12607672 22.        ], [34.86732824  0.29445132 50.        ], [20.34696462  0.17254723 17.7       ], [24.64771328  0.13057808 21.6       ], [12.76041167  0.15148639  7.2       ], [8.88780999e+252 2.43300218e-152 1.39813817e-076], 
[26.12934855  0.12763745 22.9       ], [25.54252072  0.13072644 24.1       ], [29.02953126  0.12570017 42.8       ][21.80460773  0.12303973 19.3       ], [21.93688042  0.17569445 21.7       ], [12.98598807  0.12111245  8.3       ], [26.96712156  0.14320046 23.9       ], [27.07175755  0.13487892 18.2       ], [26.89824553  0.13850555 30.1       ], [23.86141421  0.17156201 22.        ], [29.54919151  0.16582947 44.8       ], [17.23675812  0.11021206 16.2       ], [13.5010309   0.14082427  7.2       ], [29.40074334  0.1283169  23.5       ], [15.1887142   0.16802624 12.1       ], [23.73010599  0.16162817 21.7       ], [25.12156493  0.11921234 20.5       ], [26.72520209  0.14332723 22.        ], [13.13300736  0.11960647  7.5       ], [20.30865868  0.15841685 13.2       ], [19.97003878  0.14142626 14.8       ], [20.84093792  0.23070912 13.1       ], [17.74904786  0.21197369 27.9       ], [23.64593655  0.13512366 22.        ], [24.10360815  0.12372044 22.5       ], [16.85502564  0.16998238 14.9       ], [16.92300396  0.15881242 15.2       ], [18.95002766  0.21508413 21.9       ], [21.36116403  0.13292842 19.1       ], [30.02308515  0.12132008 32.        ], [22.4579335   0.14210635 19.6       ], [25.31754562  0.1107064  23.9       ], [34.49754341  0.17401273 50.        ], [23.17323653  0.23791556 19.6       ], [27.66517967  0.13733994 33.2       ], [2.47547508e-129 1.22973377e+224 6.96764904e+252], 
[23.05767823  0.11314465 18.7       ], [23.8997776   0.09123586 23.1       ], [27.02662618  0.15133147 29.4       ][19.38799396  0.18784886 11.8       ], [27.8257765   0.11700831 36.1       ], [22.07166369  0.17615401 25.        ], [35.39922406  0.21970523 50.        ], [29.24662747  0.11475071 34.9       ], [27.60381641  0.13224369 32.2       ], [28.81593481  0.13529175 33.3       ], [18.57543292  0.19842514 17.8       ], [27.78177949  0.12994712 34.6       ], [27.05833311  0.15144677 38.7       ], [24.73221027  0.13161601 20.1       ], [23.45903157  0.12401324 23.8       ], [18.57262007  0.16794778 17.4       ], [18.63997537  0.22502427 13.        ], [30.39760612  0.1345052  50.        ], [14.54667962  0.2258906   8.3       ], [21.34619571  0.15063106 18.4       ], [24.09477574  0.11555782 28.4       ], [22.94826107  0.16014897 27.5       ], [33.9288312   0.20141278 50.        ], [19.55775055  0.26193395 13.8       ], [24.9388025   0.23517225 25.        ], [19.16885908  0.21530664 20.1       ], [22.73355856  0.20611808 19.5       ], [25.20935098  0.10755748 22.9       ], [24.31356756  0.09514774 24.7       ], [24.41578788  0.09606886 22.6       ], [23.67998244  0.09576694 17.5       ], [23.60836578  0.12485056 16.2       ], [15.2412062   0.23014734 11.8       ], [26.3199807  0.2663714 27.       ], [20.83684551  0.15854279 19.5       ], [6.03685735e-154 3.61554577e-043 1.25225844e-071], 
[21.13736381  0.15401564 19.8       ], [19.76063049  0.25202467 17.8       ], [27.55083036  0.19015709 26.7       ][20.33491171  0.19883943 19.9       ], [23.99739578  0.0935969  24.5       ], [30.33685951  0.14054481 31.7       ], [25.56025976  0.1022233  26.4       ], [18.12261284  0.204289   16.7       ], [22.3035401   0.15761919 22.8       ], [24.89194753  0.09051363 24.7       ], [23.7398563  0.225051  23.8      ], [21.43792478  0.13551351 20.5       ], [20.32508417  0.14724427 18.8       ], [31.1382557   0.14350939 48.3       ], [16.69777332  0.25758009 11.9       ], [14.07903708  0.207424   13.8       ], [18.67475606  0.14819143 18.4       ], [24.88146142  0.11033377 26.6       ], [23.37269382  0.11964534 21.7       ], [12.76458574  0.13980381 10.5       ], [28.9549912   0.12793916 44.        ], [19.86764736  0.25959879 17.8       ], [18.67283947  0.22842104 15.2       ], [28.2355523   0.11699535 24.8       ], [24.323898    0.15564436 23.3       ], [27.1205426   0.11771853 24.8       ], [14.12628206  0.15848771  8.4       ], [27.06065788  0.11554236 28.        ], [32.34062383  0.19754075 31.        ], [18.40330101  0.18591601 21.4       ], [28.56273737  0.14409044 33.4       ], [22.97662146  0.13624778 18.9       ], [27.19552709  0.12814962 23.9       ], [20.36032191  0.22195472 15.4       ], [16.48223894  0.16842791 19.        ], [0. 0. 0.], 
