6.87491,6.4374113
6.3573604,6.166413
6.406217,6.0047565
5.4971247,7.1413555
7.5846257,6.2678037
6.061117,6.1581597
4.3980427,5.6822524
5.4066663,5.8658133
5.753318,5.793472
1.8747231,2.5099802
3.104153,5.745354
5.9251432,7.4586267
6.1883125,6.4876537
6.6388035,6.7078867
5.68516,6.5028186
6.5737762,6.9045053
5.3873944,5.804513
4.1184635,6.4123774
6.562132,7.325178
7.4394135,5.560403
5.0965786,7.7736244
6.1736455,5.8858514
6.326731,7.3219175
7.092645,6.448001
7.719082,6.0358653
5.9186664,6.411671
5.456216,3.9663916
5.955169,5.3128877
4.368555,4.197586
6.681328,5.000235
3.2264807,5.8411674
6.8390274,7.7249374
4.28192,4.654881
6.6569276,6.582271
4.2020617,4.0051703
8.082843,6.6497817
3.6589868,7.389042
3.5095758,6.6225843
4.888789,5.7574363
4.6354785,3.1214116
6.3610234,5.7357793
6.6591682,4.5035267
5.9066463,7.0031013
6.444774,3.8331048
4.669038,6.5521855
5.816696,6.2527037
3.6602104,3.658667
7.057216,5.9332314
5.940078,5.848185
7.0993176,6.18455
4.61208,2.7368622
4.3740854,6.855113
5.7519736,5.675066
5.388514,5.8581243
6.0091443,5.7401996
5.8385644,4.9576616
7.950501,5.304058
4.956741,5.7712336
6.5582256,6.7819815
3.8321738,5.010477
5.3342543,4.915979
8.150279,5.040345
5.5617027,5.865885
6.9547286,6.874959
6.1075425,5.1886387
7.029044,5.2337523
4.8870764,4.275645
5.759958,5.2483954
6.9692435,7.5727005
4.564921,8.254309
6.03924,4.053176
8.383115,5.7568264
3.2140267,4.1998734
2.3694348,5.248856
5.714619,6.1541357
6.583866,6.4643893
6.9819393,5.979
5.5151124,5.414247
6.232717,6.587599
6.047679,5.108075
3.4774384,3.1388912
5.7206106,4.187817
4.955969,6.2232184
8.052576,7.82557
6.8877044,5.1148663
8.078738,6.7275715
5.006279,5.7714725
4.275343,6.523378
6.315601,4.5392437
6.382542,5.6173773
6.2859955,5.627896
2.6400754,3.982436
6.901125,5.682916
6.652248,5.9346805
6.9376583,8.117075
7.2915087,6.0018363
5.0282636,5.7989793
6.6900086,5.1099873
4.9269943,3.5396347
6.5386887,6.8239536
3.7993736,4.498215
6.7178545,5.879944
4.3339577,5.9697275
5.533209,5.581504
4.8752484,3.516497
6.5365524,6.7917624
3.9884396,5.644596
6.7205315,6.1733246
5.395449,5.5386496
6.2100983,5.7169766
5.357802,4.901175
5.6297364,5.7359476
7.2923408,6.381344
6.348237,7.00913
6.9695807,4.2835793
4.4843383,6.39797
4.481504,6.7790923
2.8303504,4.068392
4.9734206,4.144864
6.3817787,4.377553
4.4729714,4.612616
6.1000395,6.60207
5.233945,5.311591
5.6081586,4.8998656
7.169429,5.450125
5.232213,5.3980293
6.7586045,6.314648
5.499556,5.039343
6.6482196,5.7510653
6.0078554,5.9278407
5.492545,4.733252
4.16933,6.014453
5.753709,5.1116276
7.1947803,7.1096954
4.455681,4.386239
6.9033065,7.322814
6.049532,6.5604706
5.6746736,7.350325
8.508511,6.719276
5.7145224,6.9909167
6.6601815,7.647863
5.2843547,5.2306046
3.853182,5.5486603
6.428114,3.9032714
5.4035463,6.914129
4.233926,4.5357223
4.3569345,3.8521185
5.1864314,6.2826777
5.978174,4.471759
5.4176955,6.7211347
4.8732758,5.50682
6.508321,6.2557673
6.1953998,5.5773697
6.0565395,5.850649
6.21214,6.4794674
4.667019,4.634165
7.6671834,6.2652392
4.74915,5.184491
4.5515385,7.237579
5.094865,6.1502023
5.24981,6.851115
5.6671596,4.2196198
7.378979,5.675413
3.8938742,4.7358828
8.212407,5.6605825
6.4198565,4.147762
5.251338,4.545088
5.9733343,5.327329
5.183162,5.7077146
7.159635,4.5744433
5.5282774,5.1165414
5.687889,5.8809147
4.5985103,5.50103
6.1914783,4.631422
6.2682543,7.1009965
5.4913745,6.90689
5.6289296,5.4816055
5.2009325,7.1772447
6.9126453,5.457446
7.0862694,3.7284956
5.180997,5.7680907
3.8441048,4.8968577
4.864831,5.3008866
6.1300287,7.1082554
3.3947802,5.998153
5.9685974,5.5673146
8.520735,7.8658857
5.479929,6.720807
3.621817,4.096429
3.4299507,4.799468
7.1295443,5.12346
6.7916527,6.273763
6.935672,7.439053
4.630019,4.104267
6.312344,4.7812104
5.541058,5.438346
6.207796,4.6653395
5.2643356,4.597762
5.455424,4.1677547
6.141353,4.5156517
6.8407164,6.354439
1.6682612,3.0227065
5.2383018,3.7303162
5.517474,7.0067196
5.367983,4.5704293
4.6801257,6.2211804
4.787859,4.14843
5.9735537,4.962929
6.438376,6.611909
5.9122453,7.2561655
6.020019,4.583896
5.593747,3.9972305
5.8776746,5.649053
8.050616,7.7311726
2.6423829,1.6003009
1.2098513,2.1730807
6.1400366,2.942477
3.6632934,4.1672297
5.679255,5.2069173
5.7056255,8.01885
6.803341,5.147537
5.915103,6.4359536
6.065875,6.336421
6.725247,6.3784738
5.5925817,5.25181
6.5057034,4.8881297
5.2060432,5.454797
5.679614,5.69555
6.063304,5.133712
5.702395,3.8507462
8.684156,6.771126
5.4419026,4.785789
7.316023,5.689188
5.7517567,5.945547
4.710199,3.935997
5.473077,6.7938795
4.837369,5.250142
5.8782535,4.8339434
6.0886254,5.2447042
4.65602,6.7312727
5.9602427,6.3100567
3.523657,3.63961
5.8090253,7.711901
6.8733697,5.108778
5.5811234,4.594371
5.106639,5.7476783
5.245448,5.255409
3.0530841,4.116206
5.282519,3.8148513
6.772007,6.737593
5.4435854,4.319027
5.7734833,5.100316
7.0132766,7.119131
6.771716,7.17762
5.7127514,6.111944
4.669551,5.2376127
5.345155,7.1907983
4.7233877,4.081689
6.9267273,5.315448
6.50822,5.635521
6.105477,4.6890097
3.96054,3.0680695
5.5196586,6.7748833
2.476758,2.0521507
5.2340674,7.180382
5.8946476,6.408319
5.277994,5.956438
4.496287,4.274192
5.4761205,6.42158
6.126207,7.0653234
3.6315613,4.4688954
5.2855086,6.2660065
7.1273575,5.9561024
7.043313,6.030462
3.3058085,3.4466648
6.372966,5.359897
4.1433935,5.0029473
5.0591655,4.167197
6.910549,7.0546694
4.817702,4.1328917
5.8680077,4.7850294
5.870704,5.685576
7.4278436,5.5051436
2.4131522,5.3611474
4.4928036,5.585583
6.4064937,6.165844
6.1320167,4.9772453
5.675414,5.7395906
6.658875,4.407797
2.195035,4.8877845
5.395143,5.6860485
6.5202026,6.2818103
4.9644375,7.4516253
3.302431,4.0915427
6.1220016,5.7186365
4.73093,6.6743984
4.4451537,4.6967072
5.2468014,6.541982
7.019208,6.191562
5.4313445,5.435609
5.4477773,2.7298837
4.764709,5.090089
3.9145758,3.5800495
5.158999,6.10257
6.2525945,6.6534524
5.470939,6.672073
2.899816,4.0872126
4.957396,5.584935
6.782756,6.616547
6.775859,4.6886835
5.3392935,4.90207
5.1590376,5.661601
6.6074185,6.199082
6.648898,6.065402
4.347051,2.3955853
5.9657784,5.283595
4.447516,7.3606396
7.108147,6.0847273
3.973728,5.2642393
5.297991,7.6106176
7.1827316,6.1553597
7.549221,6.0479107
7.1889153,5.115421
5.818513,5.0043383
5.8202887,4.9335237
5.7553673,5.947844
7.99334,7.5246644
6.160356,4.752456
5.345987,5.743127
5.3064437,6.2664194
6.1371408,6.8602424
4.607113,5.736011
6.123148,7.218807
4.311289,5.867936
4.724955,4.6968403
6.589065,6.380609
8.247589,5.6759434
6.7133827,6.7312646
5.9795413,5.788925
6.3149576,4.812991
5.921975,5.9166923
6.3688564,6.3613777
5.158102,5.8079453
4.349186,6.4231257
5.3245163,6.1516905
5.1796274,6.094679
2.4852831,6.0497093
6.1642714,6.5811005
5.4582157,5.459972
5.988919,6.2048755
5.6634436,6.7348433
5.719958,7.96401
4.7150035,5.3258867
5.011547,7.729963
6.095959,5.636216
4.3356333,6.1799726
5.399215,6.984148
7.0415244,5.0866876
4.544996,5.1403046
4.37892,4.5942874
6.078771,6.8720436
5.8249817,5.1822715
5.925375,5.336527
6.0125995,7.1178813
5.718994,4.2861986
3.9461913,3.8118215
6.182382,6.041012
2.3588886,3.6573238
7.445342,5.859608
5.837634,4.907232
5.892022,6.4846125
6.513175,3.3316462
7.484557,6.919273
4.257794,4.856907
6.7061768,5.0822196
6.105161,6.0115266
5.778659,5.5999017
5.6343775,6.4986286
4.1492844,4.670576
5.462669,5.6980233
8.042064,7.0211973
5.870079,5.5029483
6.2527313,6.684195
6.3889127,6.269637
7.591786,6.1974645
4.259387,4.335805
8.042007,7.3619494
4.1532993,6.343743
6.589572,6.6527386
3.3879788,5.571263
5.567563,5.753023
5.462256,5.565747
4.499613,4.548574
7.692481,5.905006
3.9696908,3.9894905
4.394308,5.926918
3.1530206,3.8119113
6.933072,5.85356
5.081204,5.447954
6.9885173,6.6782928
4.581132,6.0841346
3.5012193,5.6059346
7.3860307,6.8538175
6.634621,8.738465
4.7681603,7.110775
7.370406,7.3791676
6.1926775,6.1265273
4.547726,5.702032
6.4190087,7.1887774
7.600147,6.2268558
4.6084733,4.1208315
5.974354,6.6421766
7.1378765,6.477521
6.0127015,7.2949686
4.3657637,5.100311
5.9286118,6.0810003
3.9783182,4.3069005
5.9769583,7.5310674
2.5422802,1.1369872
8.187278,6.1447926
6.0978827,5.3212547
5.8135777,5.9142613
4.7209663,6.422434
5.9566984,7.5108523
6.761267,7.332682
6.329113,7.9853115
5.3029423,6.185254
6.2960196,7.2257214
4.9046593,3.013492
8.026338,6.3003955
6.1455326,6.8847394
4.817995,5.8578506
5.141595,5.066723
6.724846,6.345542
6.3228254,5.5956154
5.1569233,6.0528436
5.178746,6.318541
5.8105297,6.1320863
5.4066596,5.4400306
7.283201,6.45013
5.450154,4.535531
6.285385,7.0250006
4.2532487,6.2301054
6.4546733,6.1901855
4.9624753,7.785671
7.2408276,5.818807
6.3283796,7.3921165
6.806383,5.879084
3.8481607,5.1388674
5.206076,4.612454
5.441455,7.225984
5.1765122,5.3289194
6.071795,5.7787642
6.2664843,6.31832
6.5963407,6.4047594
4.4557858,5.655479
4.131855,4.9217587
5.2965164,6.027516
4.6760836,5.378586
5.45802,6.031233
5.4196105,5.763138
5.5078464,7.4700584
6.1485014,6.6075015
7.7884502,7.944107
6.2477317,7.9732122
5.9110312,7.3707395
7.603205,6.7675667
5.749538,5.56687
7.2604356,6.046794
5.3862996,6.3271203
5.295719,6.036516
8.064756,7.1418686
6.5648656,7.0735164
7.4632764,6.693201
5.26411,4.9657745
4.957287,6.049441
6.5538263,4.6307087
6.0694847,6.6967673
6.2374115,4.2084975
6.6635094,4.857132
6.656709,5.08266
3.0331903,3.7918975
4.343499,5.8805566
4.746258,3.9797955
4.61201,5.1355305
6.059333,4.4553714
6.394097,6.1832714
4.953895,3.5325913
4.9050627,4.1299934
3.7118032,3.2039106
4.784313,6.568179
6.2163553,5.4402537
7.5980005,4.885684
4.163233,4.0764956
6.6515636,5.496514
7.564546,5.8799725
5.9708004,6.524542
6.045752,5.2830977
6.6233,5.738656
5.7160826,4.6234245
3.7901154,3.8187523
6.6658072,4.354994
5.7214794,6.2318735
6.3067036,5.646688
7.114006,6.197892
4.868823,5.630893
7.042509,4.83062
5.75819,3.821754
4.1912775,4.8609605
6.296848,5.311187
6.9351134,7.208622
3.8142366,3.2516146
5.008729,5.9720116
6.071428,5.6394057
5.3206854,6.6845107
5.916958,6.168242
6.921813,5.5165634
4.518768,6.0183144
7.991806,7.509212
4.6514254,4.280209
5.152881,6.586178
3.8333585,4.6888494
5.028143,5.9535484
4.5436144,6.2017636
4.7001915,6.0053115
5.5363355,6.1439767
6.5637293,5.490652
7.368306,7.398901
6.4067483,6.1413884
3.960513,4.6287475
7.47256,8.527303
6.993105,4.4576178
4.5363955,4.1513557
5.221119,5.476047
3.4285064,5.3488183
6.799446,5.5847974
6.0813155,4.691392
5.962993,6.8987412
5.487288,6.559383
3.268864,4.3770046
6.396653,3.5885549
6.2927995,5.55881
6.7111645,5.3634257
5.846847,6.6671143
6.2348976,6.1745057
5.502876,4.212408
4.7320466,4.055211
6.6815357,4.205926
7.164702,6.8444467
7.250501,8.62378
6.597239,6.6935997
7.1668477,6.502474
6.0601873,7.2191324
7.019643,7.373303
6.5000997,6.526476
5.464209,5.964667
7.8646846,6.2100606
4.9524736,6.7139864
6.7700777,6.706296
5.914525,6.197772
5.784169,3.7700815
6.387597,7.5466337
5.605832,5.4998107
5.6848373,5.6659613
7.767024,5.6572547
6.1270003,5.3321695
5.442167,4.8631306
6.4680653,5.803658
6.340011,6.3754807
6.3606944,5.8505917
5.5337005,4.7342806
5.5597796,4.9879403
7.62099,6.640107
6.19869,5.249396
6.301818,5.8864365
7.034568,2.9354155
5.74839,5.4697175
5.8476596,4.3403897
5.2157774,4.6349745
3.786789,4.2670503
3.5366974,4.865224
5.855504,4.0487666
4.1988482,4.8444896
6.363229,6.787841
6.24461,5.314297
4.635328,4.3672385
4.6402254,4.911606
5.598135,4.3680296
7.0812397,5.930593
4.9205093,6.5931444
6.287225,5.0867815
7.5932903,7.873105
6.4565845,5.5106177
6.421167,4.0989866
3.996279,6.511155
5.1373253,7.647153
6.2423925,6.821645
7.8660364,6.267971
5.3244104,5.3095627
5.235991,6.251886
5.6526537,6.460888
5.491369,6.375753
3.4539118,3.4847233
4.0318675,4.255522
6.254029,6.9750443
4.8859982,6.3566384
4.564087,5.049557
5.4164085,6.4309053
5.867732,6.3026915
5.5017033,6.4269576
5.483786,4.7331095
5.4158425,5.085232
6.9635596,5.341654
6.6517477,7.004253
4.463201,4.1265035
4.973718,3.6660502
6.9174166,5.8111467
5.3593307,5.0537596
5.7511635,6.211912
6.724435,4.166399
4.076038,6.0121126
7.437295,5.9214735
4.935735,3.6390252
8.508483,6.185947
4.1791844,6.8404026
5.863737,5.2787285
5.5095696,8.080507
4.796569,3.637602
5.015774,4.1043763
7.505464,7.354196
6.056997,6.57273
5.0082197,5.9862385
6.9126077,5.205886
6.3780737,5.5540295
5.2721996,5.9491186
4.544713,5.853185
5.5343556,6.3782725
7.493989,5.9978075
5.143228,2.5518012
7.63949,6.1429815
4.3197803,5.915492
5.925406,6.974195
7.1746516,4.8463087
5.0605645,4.6189733
3.1981068,4.2875695
3.818685,4.7953506
5.45938,6.216074
6.9636693,6.509026
7.051053,7.275539
5.5610023,4.8567686
4.524066,4.151954
6.344731,7.1430044
7.2999163,5.7048783
4.538245,5.438576
5.535331,5.7250443
6.311446,8.657365
6.1232395,7.1293697
6.891681,4.6468062
4.8002715,4.9540257
4.3501267,4.742767
6.354628,5.8028936
6.266328,8.436283
6.5636835,6.2809277
3.4245825,7.182601
4.751674,6.2355356
3.330792,5.337058
4.7249722,5.134751
3.694766,5.1078367
6.2859154,5.600725
5.781107,6.819634
5.8364553,5.107081
6.874846,5.9292445
5.8089733,5.654311
6.0210047,5.3517284
5.105698,5.7333384
3.7904444,4.2953844
5.764233,6.170948
4.9228263,5.5561156
5.1994057,4.8474374
6.077205,5.7892966
6.3933144,6.3256545
6.220821,7.493982
6.3383307,5.9628367
5.2550945,4.398351
4.967528,5.2989736
7.299707,5.5885
6.391735,6.8286414
4.566175,3.8775387
3.5058322,5.495933
6.7414455,8.184144
3.4755597,6.4688244
5.7685575,6.2099147
6.7043066,6.961468
5.825134,6.821609
7.0865736,5.898097
5.938371,7.7775893
5.41913,6.760526
5.0371194,7.2152576
6.0940304,5.401884
6.530533,5.3449497
3.8942056,4.3373127
6.2202506,4.104333
7.078166,6.07544
6.7199774,6.766239
6.9484653,4.8041935
4.9169497,5.3160324
4.9570036,5.306838
7.0199986,6.7904916
4.880115,7.7911553
3.3886356,4.4351897
3.2898393,4.662649
6.346315,5.086388
5.4387393,6.074661
4.911831,6.3024893
4.9709415,7.1574793
6.0962477,6.832019
4.5842886,5.9169536
6.566062,5.96105
5.664844,4.68036
5.029976,7.358063
5.822967,5.5253124
4.7236977,2.1180694
5.752762,6.605565
5.560105,5.2682962
7.0057898,6.0226154
5.400602,6.2349324
6.056551,7.2401705
5.849919,4.28617
5.1818767,3.3242545
6.4507427,6.5151987
4.035283,3.104001
6.5589695,6.6569076
6.3378177,4.7974706
5.3996625,5.6067014
4.54067,5.347884
5.00723,6.5231586
6.071505,6.2319403
7.1780105,7.36942
3.9422872,3.3124838
6.900932,6.492666
4.8295913,4.6245165
4.5207763,5.5721693
5.634561,5.714479
5.824426,4.885503
5.9666266,6.2759027
7.467537,5.9923697
5.94513,5.358231
4.3261104,4.858963
5.9328904,4.9975333
5.4098525,5.9401913
5.938767,7.485057
5.298576,5.7521677
7.364824,7.0780044
6.1699734,6.3499255
5.398159,5.1400003
3.8065786,4.4939213
5.333348,5.3366075
4.635647,6.3952827
5.0041027,4.8638697
4.5232506,5.3243484
4.459656,5.5601444
6.686947,5.0832033
5.2107096,7.118272
6.346326,6.7627797
6.485133,5.295205
5.2190022,5.439397
6.2309637,4.5014386
6.065477,6.121206
5.6621256,5.405489
5.045298,5.4169536
4.7614565,7.181789
4.3828263,4.991973
6.468103,5.5769434
4.8392487,4.6932297
6.081836,6.1223373
4.682898,4.8652005
6.3906612,4.3922734
5.2497663,4.656254
2.7312927,4.0701485
5.452085,4.340339
5.8703575,6.121796
1.4041433,5.6721516
5.330131,4.1860867
4.543509,3.0924726
5.5794654,5.8662024
6.061591,6.9453387
5.4633665,6.1952353
8.270104,6.055874
5.3159194,5.1473074
7.031172,6.553685
5.883254,5.3796453
6.4531574,7.3841257
7.0963087,6.1598825
4.6318064,7.28747
7.02172,5.6186957
4.0373487,3.9979763
4.9259887,2.4851546
5.4362364,5.1286693
2.8376527,5.49635
4.72571,5.945214
7.011817,6.862559
6.391626,6.8700566
6.032123,8.168024
1.8966726,3.183072
6.492613,6.70481
5.3667436,5.470612
5.171566,5.660052
4.7580113,6.0731597
4.2963,5.500349
6.1979938,6.0695643
5.5866623,3.6725726
7.0585566,6.271485
5.606435,5.6532197
7.1685863,6.8129606
5.768981,6.0879807
6.525059,5.058699
5.6553345,5.6735444
6.4666033,3.9996517
4.938396,2.8347206
5.413809,6.577998
5.812649,7.004309
3.8833964,4.241413
6.007018,5.403699
6.756218,5.9088564
4.3251553,3.0185192
6.521327,4.264368
7.461641,5.4420314
6.028871,4.888396
4.6689425,5.3413367
4.870528,6.4249444
7.6867957,5.951839
6.6519985,5.4243
7.053083,6.9889774
7.109801,6.0077085
4.476532,4.834358
7.0228763,7.579981
7.060135,6.926111
4.816329,6.0501146
7.212559,7.4214296
5.686751,5.2496595
7.2183337,7.1971374
7.1926994,5.152111
5.0785847,6.131354
7.227496,5.787445
5.6884646,6.7698674
5.7279634,5.583731
7.853616,7.1568623
4.8614645,6.478502
7.8422446,7.4304867
6.80131,5.519265
5.395261,6.304312
6.6198597,7.220486
5.76157,5.343334
4.576042,4.0464516
3.774238,7.583162
8.235643,5.511511
6.3271656,5.330286
4.430638,5.800533
6.707011,3.7551262
7.6067004,7.306058
5.177534,4.197435
3.5249534,3.9435449
6.4872108,5.5021014
7.0385227,6.63027
4.5247326,5.4121933
4.9068995,4.359954
6.8226886,6.4083605
5.630432,6.238247
5.9947004,3.6970334
6.541853,4.589487
6.2220154,5.896367
6.0115957,7.4083486
5.918532,7.5314183
6.5035763,5.2688203
5.203591,6.661283
3.228682,6.166406
4.0815597,5.801551
6.7603793,5.884355
5.3813734,7.2732496
6.560682,7.1495295
5.5246253,5.7908607
6.178629,7.4270525
4.0359945,6.9698787
7.038771,7.623348
5.596025,5.8679614
6.6954155,6.089418
6.786523,7.3653584
5.735386,7.043721
5.780625,7.1973047
6.0935082,6.5472183
7.385602,5.9668465
4.7488065,4.432027
5.3647113,4.0212536
5.454836,4.0544767
6.318316,6.1894274
5.879725,6.732284
5.040025,5.5811515
6.4101887,5.4530597
5.8125067,2.323087
4.7892528,7.3616037
5.512549,4.3160334
4.7554893,4.1367226
5.970639,6.544398
6.864997,4.582957
5.4404163,5.0432143
5.9807277,6.797276
5.2820764,5.2001004
5.725152,6.1201324
4.7341304,5.5852833
6.99952,5.8243976
5.6956205,5.189657
3.2934444,4.983138
5.7203326,4.172483
4.8775787,4.814889
6.2865367,5.691447
6.924098,5.4107394
3.9136167,3.3637524
5.7642627,3.5501685
6.1575193,6.612632
6.637044,2.5488133
5.4497166,4.880326
6.5699778,5.8417206
4.900811,6.1806903
6.3827715,6.0404296
6.2333875,6.5096374
5.9448347,3.8644555
5.239538,5.5869956
6.405873,6.166859
4.681423,6.4023
3.5884867,5.4040785
6.6030874,5.7727876
6.7709913,4.9962955
4.281296,6.1771574
4.1848516,3.1054711
5.0484805,5.9630075
5.0202293,6.6022916
5.5628414,5.315977
5.968206,5.7778788
6.3843794,6.5435925
5.0242066,5.555525
3.8808753,6.4274745
7.9141397,6.8605976
5.4849315,5.6199493
6.627725,5.4620266
3.809339,5.0115876
5.7483,4.977715
7.3417234,5.9505386
5.367785,6.229245
6.3746843,4.97262
5.080866,5.1551323
5.5757165,7.6355653
5.4963984,5.196015
6.3934364,8.523661
5.578296,4.452395
5.5290165,5.776268
4.7527866,3.904139
6.448345,6.9255815
6.2626743,8.474045
7.82765,6.3586984
7.1439695,6.7875767
5.3544216,5.5238166
4.362169,3.4254186
6.0318303,6.832117
5.3529177,2.8331137
5.2192783,5.854222
6.3590207,4.943071
6.4803033,5.8398194
4.6206903,4.536314
6.4117527,7.065646
3.6427355,5.0206776
5.216565,8.020937
4.6311355,6.1492577
5.864072,4.5898376
6.0987005,4.198797
7.4313765,6.7959137
6.1198378,3.965528
6.413962,5.246951
6.9337378,4.833248
4.7495475,6.0455294
5.341698,5.184942
4.5352154,6.916871
5.0809565,6.160967
8.938622,7.7499638
6.3047285,6.7682796
5.982336,6.8743076
7.64536,3.5499845
6.579894,7.852648
5.9865265,6.435075
5.289205,4.9354844
6.2545366,5.219182
5.828658,5.6269884
6.181645,6.936612
3.7107668,1.845557
4.507339,4.0922985
2.3372207,1.6104536
6.7701926,4.135651
5.9018774,5.965646
5.110215,5.74444
6.143548,5.3474298
6.2465677,3.319071
4.802233,4.193905
6.4178576,7.7167654
4.3708405,5.5343823
5.528854,4.793265
6.3596025,5.4388595
5.770957,6.501844
6.7326436,5.225357
4.7863746,6.7731333
6.820399,6.1210246
6.400789,5.9495215
7.2172084,6.460696
3.4098349,3.6277075
6.0488753,5.5043063
4.70324,3.6394362
6.341012,6.881109
2.651355,3.633008
6.185119,6.159206
7.864461,7.1605015
6.34217,4.7576833
5.4103436,5.535423
3.0259352,3.6838408
7.2065735,7.3857903
5.7546945,5.7507315
4.2688622,6.032566
5.1777015,5.3750906
6.526184,6.738985
5.943857,5.60065
3.5829268,5.6393714
5.3794837,2.4748297
6.1428475,5.1347013
5.581853,3.7440894
5.838793,6.8071723
5.0561423,6.817256
6.6368933,6.369005
7.066648,4.4250016
4.2325764,6.090745
6.302679,6.467161
5.5254188,7.230354
4.4858723,5.0445256
5.4062953,4.977927
5.282259,6.7101297
7.4110622,6.636727
5.9933653,6.659169
4.2380238,5.947487
5.320674,6.372532
3.0054636,3.8557653
4.6645174,5.439224
7.640253,4.453137
4.61798,6.1961613
5.4749775,5.5160584
7.3985734,5.6904044
4.5213594,5.125303
5.483353,5.3359785
6.7263207,5.6016617
8.189888,5.2598705
6.025846,6.537036
3.5265102,4.3498554
5.782815,6.2455916
5.0950346,6.158986
7.0476017,6.023009
5.7901106,7.043026
5.5497026,7.4731216
5.9686365,5.1236806
5.1667047,4.782576
4.64485,5.8475046
6.4670825,5.5154405
5.545287,6.7828145
6.212452,8.34286
5.2927246,6.0093074
4.8281846,6.174474
5.978444,5.7687984
7.427909,4.987796
6.24329,6.693469
4.7118597,6.4667177
6.4847445,7.5420156
5.9868894,6.3214817
5.585987,3.737137
7.540708,7.3372912
6.16494,5.279057
6.548211,6.551153
4.386815,4.2196136
7.3657837,4.6518507
6.256749,4.3130937
4.6846457,7.2105956
6.5661087,7.210179
4.5338717,5.637679
4.7472386,4.960342
7.0266614,6.362366
5.266453,5.538899
6.4251184,6.233553
6.830589,5.2861857
3.1741364,3.6585364
6.810906,4.151411
5.4716654,4.4578066
6.9866896,5.255209
3.877504,6.4635034
5.375011,5.302799
3.4028893,3.8416502
5.660449,6.6166925
6.8737297,6.1411514
4.8865266,6.3396463
4.5950255,6.069602
4.362055,4.4030204
5.5957212,5.329971
5.1131606,6.2177405
5.3426366,6.3618975
6.9502707,6.1871657
5.5346084,5.1297784
7.1740155,7.359465
6.017417,7.1293354
4.8383584,5.972747
4.843857,5.893124
5.990023,7.919813
6.348712,7.206448
5.0977616,5.8427334
5.321314,4.772192
5.2891564,6.3794007
5.726248,6.467572
4.309081,4.302447
7.0477505,5.31598
6.102411,4.263929
5.347548,4.2643857
6.8287435,6.247217
6.708066,5.1415844
5.760542,5.97814
5.872081,7.1016264
7.2275443,7.172209
5.6531386,5.133227
5.6751595,6.128893
5.0175138,5.5605364
7.4357605,4.3633637
6.585641,5.439832
8.835171,7.113542
7.0485334,7.5035524
5.982202,6.8972416
6.093458,3.8872313
6.774786,4.8960276
7.52724,6.7055106
4.7932,6.8018684
2.6749566,4.203542
5.9594164,6.620338
5.634654,6.611869
4.6022606,5.9259896
4.1136866,4.4941025
7.7673383,8.182003
8.714957,7.108771
4.727399,5.9627137
6.652589,5.332574
7.396158,7.0412135
5.3635654,6.569201
5.78374,7.055664
5.237885,5.5397086
5.6100483,6.524047
6.4896994,4.6512976
5.6249294,5.0650926
5.0430284,4.1466703
6.9009447,7.275882
5.3526587,6.5097866
4.08654,3.2582684
5.6895943,6.0810323
4.751313,7.805978
3.9314103,3.7324615
6.79294,6.0407233
6.4142227,5.771683
7.2144103,8.347467
4.98897,5.2192426
6.7941747,5.762971
5.987693,5.553866
5.935971,6.816483
6.7406354,4.3085966
6.88617,6.275454
6.095244,7.536286
4.3070164,5.114446
6.4222245,6.991376
3.4482622,6.5516434
4.6620436,4.628772
6.330462,8.434573
5.6558356,7.1971555
5.281745,3.0517817
6.192786,5.933795
6.5150886,6.5702076
6.264139,5.9144325
6.259653,6.9061985
6.3321686,6.9712954
6.8914714,6.186487
6.4236574,5.8209753
6.8073883,7.3518004
4.67416,2.4097967
3.2847495,3.7847228
8.903431,7.6087804
2.4065375,4.7261133
5.8609715,5.231893
5.144796,3.6228628
7.031436,5.050593
6.3757563,6.184911
4.6778245,4.0541096
6.8756447,6.669631
7.4521275,7.8811836
6.232365,8.35209
5.828219,2.9999695
6.3555517,6.094898
4.775726,4.882391
3.4159086,6.2748747
4.0749345,7.1061525
6.0255604,6.4393477
5.0714555,6.3990607
6.4713078,6.285742
6.216496,4.505901
6.906009,5.1294727
5.1744475,6.282921
5.8998437,7.3496137
4.3180027,7.241825
5.4314036,5.724273
2.2004833,3.2177236
6.8142004,6.7477965
5.3879905,6.7405
6.635283,6.4324956
5.4058805,3.3995094
5.6927342,5.3725104
6.557182,6.152143
8.439065,6.0459485
6.323618,6.847343
4.646141,4.4533644
5.843608,5.9389997
5.711115,7.8871365
6.504752,5.760726
4.139653,6.2246747
7.006572,3.9553852
4.8524776,6.3612566
4.2664227,7.220941
6.420204,5.985362
7.2061863,6.75778
7.395213,6.264545
5.427335,5.6534534
5.656421,6.410655
4.603384,6.3521476
5.739978,6.203718
5.8569946,5.555343
4.406517,6.1848483
5.4227657,8.054839
6.353963,6.6271853
5.3728695,6.3996644
4.917779,4.57097
6.3354874,5.4303846
5.9578395,6.1057324
5.519878,6.468384
6.7086625,5.616691
7.2167892,5.6051407
5.3914075,6.3777003
5.2272034,5.552122
4.7792854,5.2249207
7.392378,6.4690213
6.8674164,6.8385024
5.3968635,5.502068
4.856142,6.1993113
7.1555567,7.022351
5.416663,4.8307805
7.125073,5.433815
5.692226,7.9721375
6.344533,3.880497
4.7356176,4.10201
7.301848,6.7795825
7.534341,8.077174
5.570737,5.0180807
5.260987,5.1615777
3.8877404,5.307924
6.4285207,6.241859
5.0404444,6.0745397
8.101794,5.4052887
2.5681577,2.2837543
4.355859,5.0593977
5.7364907,5.9646645
6.7364593,6.843537
6.703093,8.283636
6.47149,6.1279907
6.6242657,4.645131
6.5438952,4.691722
7.003587,6.7082715
5.098775,5.3610506
6.9979997,5.201586
5.0648365,5.6297517
4.191657,3.0972176
5.265971,3.4584954
4.256919,4.05837
3.9639277,2.93401
5.7030096,4.0306826
6.478362,5.7316685
6.202288,5.0555573
5.1224174,7.584349
7.4544883,5.922278
6.4536943,6.488482
7.059328,7.541874
6.593158,6.5745907
6.3717656,7.1352596
4.501887,4.2073503
6.0117383,8.9044895
4.7108016,5.7401876
7.818207,8.271993
4.902619,5.1223397
7.5265446,4.5918956
4.2010612,5.0789275
4.35387,4.19194
4.176382,7.233474
5.5373063,5.3781414
5.4494066,6.3276033
2.3530693,5.675889
6.436374,8.264513
5.2455354,6.6205997
5.9467535,5.3655887
7.200919,6.65272
6.7537127,4.966124
4.980585,5.5640826
5.676009,6.5639596
6.4294353,5.7071347
4.2804966,6.48379
6.267558,6.8552775
5.865006,5.8644104
6.8458414,6.099696
5.1159935,6.4521194
8.277147,6.6361494
7.5268326,5.3720193
6.3343134,7.193019
3.0621226,6.6255965
7.6685457,7.5136447
7.5716567,7.3390303
5.6718707,5.3585577
6.749871,5.3593135
6.8745646,5.7529707
4.9483624,4.943305
6.0222044,5.741684
4.867986,5.554847
3.2752843,4.424454
5.3289633,5.364978
7.4205217,6.228341
3.6780202,5.9355836
5.503866,6.7088604
5.2280393,6.4146624
5.5673347,4.569229
4.221572,6.591532
4.966838,5.427721
5.8131776,4.7095747
6.633307,5.195423
5.7907166,5.16145
4.5373864,5.4373474
6.165802,5.780738
4.9474,4.763044
5.2689066,6.015713
4.7331514,6.410261
7.3748417,5.7297263
5.0487857,6.4391255
5.6099586,5.800654
4.5724487,4.682185
6.828953,4.563344
5.389065,3.8332534
4.730457,3.7997677
6.9091177,5.667924
5.7768283,5.862775
5.951364,7.142319
2.527363,4.2069006
4.35017,7.434936
4.9208813,5.208051
6.1260223,5.149311
5.8460083,6.9410334
4.838579,7.592864
6.745112,3.904839
6.7001376,7.917757
6.239365,5.433949
6.2698355,5.2336035
6.7343135,7.621876
6.417134,5.937123
5.8654037,5.358677
6.462159,3.863846
5.4832916,5.5924053
5.477097,5.634257
5.890451,4.3206315
7.1550546,5.9065375
4.3874273,5.193509
5.3384194,5.757452
7.762772,6.4902806
3.8596683,5.065688
6.600574,6.990049
6.73068,4.139014
5.3716245,5.403673
3.5759647,3.8198526
8.369061,6.8510146
4.8186035,4.5420027
5.4367166,5.2495503
6.276407,5.320575
5.6915936,6.377268
4.672081,5.3762827
8.400771,6.4284873
5.9316177,4.718054
5.487228,5.914884
3.761258,7.906686
5.560443,4.3659925
7.2762184,5.423693
3.968126,5.7205687
6.100853,6.149128
4.6546803,5.987665
5.9938316,6.0495615
7.471973,8.450434
4.389837,5.97224
5.786979,3.713278
4.0694814,7.3589916
6.7916718,7.38188
5.115577,4.9261184
4.1567755,4.339293
5.4423075,6.612105
5.0372734,3.7940385
6.7835345,5.622464
4.275383,3.8946714
6.6479526,7.0129485
5.6583686,7.019664
5.097217,4.9381433
7.518381,7.1389227
6.0624056,3.8721051
6.9193506,5.1426487
8.915579,7.9564342
6.8892016,4.698039
6.0389585,6.040552
4.410595,3.9116108
4.714375,4.551132
5.678267,3.1785703
6.378318,7.4390907
5.812391,5.4757147
5.4076095,5.595355
5.6928406,6.6692815
4.40039,3.8205597
5.2367268,7.4464803
4.767309,8.231791
5.299583,6.69438
3.4663293,3.8544788
5.971744,4.9918756
6.4555583,5.4784656
6.67702,6.353032
6.3928413,6.852108
4.8986564,3.9106493
4.887422,6.8853464
5.481562,3.4528534
4.373238,6.2960405
6.2820244,3.9585423
7.571397,6.135051
6.4846325,4.6612206
4.7768674,4.898635
4.359721,5.1887093
5.3810663,6.0298815
6.69797,5.4858766
4.706035,5.309394
6.311079,5.621447
3.8141956,4.9933414
5.687954,5.739992
6.456874,5.302466
5.9059296,6.596385
3.8602412,5.5558367
6.7129817,5.0626645
5.3161907,4.1747293
5.2841973,5.0553193
7.347465,6.944902
6.6254926,5.7451825
6.382721,5.3680377
5.448182,5.508614
5.4395866,6.282222
6.6757326,6.471822
5.8339133,7.549361
8.494617,7.2220354
5.9954753,4.5890846
6.5326757,8.6103945
6.126205,6.8851304
6.675434,6.208513
6.7950506,4.4089103
